l=1 j=0 
0.000000000000001 
0.000000000000000 
0.000000000000000 
0.000000000000000 
0.000000000000000 
0.000000000000000 
0.000000000000000 
0.000000000000000 
0.000000000000000 
0.000000000000000 
0.000000000000000 
0.000000000000000 
0.000000000000000 
0.000000000000000 
0.000000000000000 
0.000000000000000 
0.000000000000000 
0.000000000000000 
0.000000000000000 
0.000000000000000 
0.000000000000000 
0.000000000000000 
0.000000000000000 
0.000000000000000 
0.000000000000000 
0.000000000000000 
0.000000000000000 
0.000000000000000 
0.000000000000000 
0.000000000000000 
0.000000000000000 
0.000000000000000 
0.000000000000000 
0.000000000000000 
0.000000000000000 
0.000000000000000 
0.000000000000000 
0.000000000000000 
0.000000000000000 
0.000000000000000 
0.000000000000000 
0.000000000000000 
0.000000000000000 
0.000000000000000 
0.000000000000000 
0.000000000000000 
0.000000000000000 
0.000000000000000 
0.000000000000000 
0.000000000000000 
0.000000000000000 
0.000000000000000 
0.000000000000000 
0.000000000000000 
0.000000000000000 
0.000000000000000 
0.000000000000000 
0.000000000000000 
0.000000000000000 
0.000000000000000 
0.000000000000000 
0.000000000000000 
0.000000000000000 
0.000000000000000 
0.001242795027792 
0.004668528214097 
0.012351764366031 
0.026576764881611 
0.049324385821819 
0.081546999514103 
0.122571930289269 
0.169868722558022 
0.219299584627152 
0.265808463096619 
0.304360657930374 
0.330874919891357 
0.342910647392273 
0.339967161417007 
0.323373287916184 
0.295853316783905 
0.260918110609055 
0.222238853573799 
0.183129727840424 
0.146208971738815 
0.113252982497215 
0.085213936865330 
0.062349215149879 
0.044405877590179 
0.030812734737992 
0.020847674459219 
0.013764161616564 
0.008873752318323 
0.005589939188212 
0.003442740999162 
0.002074128016829 
0.001222979975864 
0.000706087972503 
0.000399339012802 
0.000221333000809 
0.000120263001008 
0.000064084502810 
0.000033500498830 
0.000017185400793 
0.000008653690202 
0.000004278500001 
0.000002077480076 
0.000000990925969 
0.000000464403001 
0.000000213888001 
0.000000096827499 
0.000000043092900 
0.000000018857200 
0.000000008114860 
0.000000003434590 
0.000000001429940 
0.000000000585673 
0.000000000236015 
0.000000000093586 
0.000000000036518 
0.000000000014024 
0.000000000005301 
0.000000000001972 
0.000000000000722 
0.000000000000260 
0.000000000000092 
0.000000000000032 
0.000000000000011 
0.000000000000004 
l=1 j=1 
0.000000000000201 
0.000000000000068 
0.000000000000023 
0.000000000000008 
0.000000000000002 
0.000000000000001 
0.000000000000000 
0.000000000000000 
0.000000000000000 
0.000000000000000 
0.000000000000000 
0.000000000000000 
0.000000000000000 
0.000000000000000 
0.000000000000000 
0.000000000000000 
0.000000000000000 
0.000000000000000 
0.000000000000000 
0.000000000000000 
0.000000000000000 
0.000000000000000 
0.000000000000000 
0.000000000000000 
0.000000000000000 
0.000000000000000 
0.000000000000000 
0.000000000000000 
0.000000000000000 
0.000000000000000 
0.000000000000000 
0.000000000000000 
0.000000000000000 
0.000000000000000 
0.000000000000000 
0.000000000000000 
0.000000000000000 
0.000000000000000 
0.000000000000000 
0.000000000000000 
0.000000000000000 
0.000000000000000 
0.000000000000000 
0.000000000000000 
0.000000000000000 
0.000000000000000 
0.000000000000000 
0.000000000000000 
0.000000000000000 
0.000000000000000 
0.000000000000000 
0.000000000000000 
0.000000000000000 
0.000000000000000 
0.000000000000000 
0.000000000000000 
0.000000000000000 
0.000000000000000 
0.000000000000000 
0.000000000000000 
0.000000000000000 
0.000000000000000 
0.000000000000000 
0.000000000000000 
0.012351764366031 
0.039092157036066 
0.085630081593990 
0.149252623319626 
0.218182057142258 
0.273601144552231 
0.295530229806900 
0.270301163196564 
0.196407660841942 
0.086177647113800 
-0.037429075688124 
-0.147551506757736 
-0.221071973443031 
-0.244512394070625 
-0.216510146856308 
-0.146634012460709 
-0.051533151417971 
0.049967076629400 
0.141265392303467 
0.210858732461929 
0.253366231918335 
0.268968015909195 
0.261855393648148 
0.238347217440605 
0.205192461609840 
0.168353885412216 
0.132352516055107 
0.100098215043545 
0.073054909706116 
0.051579017192125 
0.035299874842167 
0.023457411676645 
0.015156988054514 
0.009534624405205 
0.005845404230058 
0.003495838958770 
0.002041142899543 
0.001164395012893 
0.000649410008918 
0.000354313000571 
0.000189208003576 
0.000098943397461 
0.000050690101489 
0.000025452200134 
0.000012530100321 
0.000006050070169 
0.000002866009936 
0.000001332389957 
0.000000608043990 
0.000000272455992 
0.000000119898004 
0.000000051828700 
0.000000022011699 
0.000000009186250 
0.000000003767830 
0.000000001519060 
0.000000000602066 
0.000000000234614 
0.000000000089897 
0.000000000033874 
0.000000000012553 
0.000000000004575 
0.000000000001640 
0.000000000000578 
l=1 j=2 
0.000000000000000 
0.000000000000000 
0.000000000000000 
0.000000000000000 
0.000000000000000 
0.000000000000000 
0.000000000000000 
0.000000000000000 
0.000000000000000 
0.000000000000000 
0.000000000000000 
0.000000000000000 
0.000000000000000 
0.000000000000000 
0.000000000000000 
0.000000000000000 
0.000000000000000 
0.000000000000000 
0.000000000000000 
0.000000000000000 
0.000000000000000 
0.000000000000000 
0.000000000000000 
0.000000000000000 
0.000000000000000 
0.000000000000000 
0.000000000000000 
0.000000000000000 
0.000000000000000 
0.000000000000000 
0.000000000000000 
0.000000000000000 
0.000000000000000 
0.000000000000000 
0.000000000000000 
0.000000000000000 
0.000000000000000 
0.000000000000000 
0.000000000000000 
0.000000000000000 
0.000000000000000 
0.000000000000000 
0.000000000000000 
0.000000000000000 
0.000000000000000 
0.000000000000000 
0.000000000000000 
0.000000000000000 
0.000000000000000 
0.000000000000000 
0.000000000000000 
0.000000000000000 
0.000000000000000 
0.000000000000000 
0.000000000000000 
0.000000000000000 
0.000000000000000 
0.000000000000000 
0.000000000000000 
0.000000000000000 
0.000000000000000 
0.000000000000000 
0.000000000000000 
0.000000000000000 
0.000000000000000 
0.000000000000000 
0.000000000000000 
0.000000000000000 
0.000000000000000 
0.000000000000000 
0.000000000000000 
0.000000000000000 
0.000000000000000 
0.000000000000000 
0.000000000000000 
0.000000000000000 
0.000000000000000 
0.000000000000000 
0.000000000000000 
0.000000000000000 
0.000000000000000 
0.000000000000000 
0.000000000000000 
0.000000000000000 
0.000000000000000 
0.000000000000000 
0.000000000000000 
0.000000000000000 
0.000000000000000 
0.000000000000000 
0.000000000000000 
0.000000000000000 
0.000000000000000 
0.000000000000000 
0.000000000000000 
0.000000000000000 
0.000000000000000 
0.000000000000000 
0.000000000000000 
0.000000000000000 
0.000000000000000 
0.000000000000000 
0.000000000000000 
0.000000000000000 
0.000000000000000 
0.000000000000000 
0.000000000000000 
0.000000000000000 
0.000000000000000 
0.000000000000000 
0.000000000000000 
0.000000000000000 
0.000000000000000 
0.000000000000000 
0.000000000000000 
0.000000000000000 
0.000000000000000 
0.000000000000000 
0.000000000000000 
0.000000000000000 
0.000000000000000 
0.000000000000000 
0.000000000000000 
0.000000000000000 
0.000000000000000 
0.000000000000000 
0.000000000000000 
0.000000000000000 
l=1 j=3 
0.000000000001701 
0.000000000000592 
0.000000000000203 
0.000000000000068 
0.000000000000023 
0.000000000000007 
0.000000000000002 
0.000000000000001 
0.000000000000000 
0.000000000000000 
0.000000000000000 
0.000000000000000 
0.000000000000000 
0.000000000000000 
0.000000000000000 
0.000000000000000 
0.000000000000000 
0.000000000000000 
0.000000000000000 
0.000000000000000 
0.000000000000000 
0.000000000000000 
0.000000000000000 
0.000000000000000 
0.000000000000000 
0.000000000000000 
0.000000000000000 
0.000000000000000 
0.000000000000000 
0.000000000000000 
0.000000000000000 
0.000000000000000 
0.000000000000000 
0.000000000000000 
0.000000000000000 
0.000000000000000 
0.000000000000000 
0.000000000000000 
0.000000000000000 
0.000000000000000 
0.000000000000000 
0.000000000000000 
0.000000000000000 
0.000000000000000 
0.000000000000000 
0.000000000000000 
0.000000000000000 
0.000000000000000 
0.000000000000000 
0.000000000000000 
0.000000000000000 
0.000000000000000 
0.000000000000000 
0.000000000000000 
0.000000000000000 
0.000000000000000 
0.000000000000000 
0.000000000000000 
0.000000000000000 
0.000000000000000 
0.000000000000000 
0.000000000000000 
0.000000000000000 
0.000000000000000 
-0.026576764881611 
-0.076251909136772 
-0.149252623319626 
-0.227803051471710 
-0.282779216766357 
-0.285738766193390 
-0.223098486661911 
-0.104877881705761 
0.036926388740540 
0.159848943352699 
0.226960986852646 
0.220202222466469 
0.145725846290588 
0.029985368251801 
-0.090751104056835 
-0.182661458849907 
-0.223855480551720 
-0.208490177989006 
-0.145369663834572 
-0.052755322307348 
0.048128824681044 
0.138703182339668 
0.206471815705299 
0.246035754680634 
0.258182197809219 
0.247901126742363 
0.222163781523705 
0.188054710626602 
0.151541620492935 
0.116906195878983 
0.086696788668633 
0.062004357576370 
0.042875222861767 
0.028725186362863 
0.018678728491068 
0.011805904097855 
0.007262182887644 
0.004352380055934 
0.002543868962675 
0.001451238989830 
0.000808697019238 
0.000440481991973 
0.000234653998632 
0.000122326993733 
0.000062434999563 
0.000031213101465 
0.000015290699594 
0.000007342820027 
0.000003457719913 
0.000001597150003 
0.000000723855976 
0.000000321977012 
0.000000140593997 
0.000000060280001 
0.000000025382400 
0.000000010498400 
0.000000004265940 
0.000000001703240 
0.000000000668293 
0.000000000257714 
0.000000000097687 
0.000000000036401 
0.000000000013335 
0.000000000004803 
l=2 j=0 
0.000000131657004 
0.000000064807601 
0.000000031406501 
0.000000014983700 
0.000000007037340 
0.000000003253720 
0.000000001480860 
0.000000000663428 
0.000000000292544 
0.000000000126964 
0.000000000054229 
0.000000000022793 
0.000000000009427 
0.000000000003836 
0.000000000001536 
0.000000000000605 
0.000000000000234 
0.000000000000089 
0.000000000000033 
0.000000000000012 
0.000000000000004 
0.000000000000002 
0.000000000000001 
0.000000000000000 
0.000000000000000 
0.000000000000000 
0.000000000000000 
0.000000000000000 
0.000000000000000 
0.000000000000000 
0.000000000000000 
0.000000000000000 
0.000000000000000 
0.000000000000000 
0.000000000000000 
0.000000000000000 
0.000000000000000 
0.000000000000000 
0.000000000000000 
0.000000000000000 
0.000000000000000 
0.000000000000000 
0.000000000000000 
0.000000000000000 
0.000000000000000 
0.000000000000000 
0.000000000000000 
0.000000000000000 
0.000000000000000 
0.000000000000000 
0.000000000000000 
0.000000000000000 
0.000000000000000 
0.000000000000000 
0.000000000000000 
0.000000000000000 
0.000000000000000 
0.000000000000000 
0.000000000000000 
0.000000000000000 
0.000000000000000 
0.000000000000000 
0.000000000000000 
0.000000000000000 
0.000000701801014 
0.000003954450221 
0.000015693700334 
0.000050651298807 
0.000141006996273 
0.000349687004928 
0.000788411998656 
0.001638954970986 
0.003173823002726 
0.005770387127995 
0.009910965338349 
0.016161531209946 
0.025124123319983 
0.037362691015005 
0.053308513015509 
0.073157720267773 
0.096778571605682 
0.123647749423981 
0.152832716703415 
0.183030202984810 
0.212661892175674 
0.240016952157021 
0.263422876596451 
0.281419545412064 
0.292910724878311 
0.297271937131882 
0.294399678707123 
0.284699112176895 
0.269015371799469 
0.248522505164146 
0.224588826298714 
0.198638379573822 
0.172025889158249 
0.145938083529472 
0.121328577399254 
0.098887309432030 
0.079041145741940 
0.061978787183762 
0.047691669315100 
0.036022614687681 
0.026715086773038 
0.019457824528217 
0.013921591453254 
0.009786650538445 
0.006761101074517 
0.004591135773808 
0.003064912976697 
0.002011785982177 
0.001298601971939 
0.000824444985483 
0.000514866027515 
0.000316318008117 
0.000191205006558 
0.000113727001008 
0.000066565800807 
0.000038344300265 
0.000021739200747 
0.000012131199583 
0.000006663619843 
0.000003603119922 
0.000001917909913 
0.000001005009949 
0.000000518460979 
0.000000263313012 
l=2 j=1 
0.000006653239780 
0.000003450739996 
0.000001759609972 
0.000000882200993 
0.000000434896009 
0.000000210804998 
0.000000100476001 
0.000000047089799 
0.000000021700799 
0.000000009833340 
0.000000004381150 
0.000000001919190 
0.000000000826553 
0.000000000349958 
0.000000000145653 
0.000000000059586 
0.000000000023958 
0.000000000009466 
0.000000000003675 
0.000000000001402 
0.000000000000525 
0.000000000000193 
0.000000000000070 
0.000000000000025 
0.000000000000009 
0.000000000000003 
0.000000000000001 
0.000000000000000 
0.000000000000000 
0.000000000000000 
0.000000000000000 
0.000000000000000 
0.000000000000000 
0.000000000000000 
0.000000000000000 
0.000000000000000 
0.000000000000000 
0.000000000000000 
0.000000000000000 
0.000000000000000 
0.000000000000000 
0.000000000000000 
0.000000000000000 
0.000000000000000 
0.000000000000000 
0.000000000000000 
0.000000000000000 
0.000000000000000 
0.000000000000000 
0.000000000000000 
0.000000000000000 
0.000000000000000 
0.000000000000000 
0.000000000000000 
0.000000000000000 
0.000000000000000 
0.000000000000000 
0.000000000000000 
0.000000000000000 
0.000000000000000 
0.000000000000000 
0.000000000000000 
0.000000000000000 
0.000000000000000 
0.000015693700334 
0.000081466700067 
0.000296774000162 
0.000875725992955 
0.002219191985205 
0.004985426086932 
0.010127478279173 
0.018854295834899 
0.032475087791681 
0.052108645439148 
0.078280933201313 
0.110485903918743 
0.146829336881638 
0.183893084526062 
0.216933101415634 
0.240455865859985 
0.249118909239769 
0.238798812031746 
0.207596704363823 
0.156535223126411 
0.089750006794930 
0.014087342657149 
-0.061844438314438 
-0.128992944955826 
-0.179286375641823 
-0.206881240010262 
-0.208996444940567 
-0.186195790767670 
-0.142104163765907 
-0.082657173275948 
-0.015064935199916 
0.053296938538551 
0.115872055292130 
0.167640253901482 
0.205496102571487 
0.228290840983391 
0.236597731709480 
0.232294917106628 
0.218068882822990 
0.196930035948753 
0.171807080507278 
0.145256653428078 
0.119296826422215 
0.095351904630661 
0.074282810091972 
0.056472815573215 
0.041939910501242 
0.030452877283096 
0.021635312587023 
0.015049056150019 
0.010254339314997 
0.006848093122244 
0.004484158940613 
0.002880089916289 
0.001815058989450 
0.001122702029534 
0.000681778008584 
0.000406564009609 
0.000238128995989 
0.000137017996167 
0.000077462798799 
0.000043035299313 
0.000023497799702 
0.000012610999875 
l=2 j=2 
0.000000000000000 
0.000000000000000 
0.000000000000000 
0.000000000000000 
0.000000000000000 
0.000000000000000 
0.000000000000000 
0.000000000000000 
0.000000000000000 
0.000000000000000 
0.000000000000000 
0.000000000000000 
0.000000000000000 
0.000000000000000 
0.000000000000000 
0.000000000000000 
0.000000000000000 
0.000000000000000 
0.000000000000000 
0.000000000000000 
0.000000000000000 
0.000000000000000 
0.000000000000000 
0.000000000000000 
0.000000000000000 
0.000000000000000 
0.000000000000000 
0.000000000000000 
0.000000000000000 
0.000000000000000 
0.000000000000000 
0.000000000000000 
0.000000000000000 
0.000000000000000 
0.000000000000000 
0.000000000000000 
0.000000000000000 
0.000000000000000 
0.000000000000000 
0.000000000000000 
0.000000000000000 
0.000000000000000 
0.000000000000000 
0.000000000000000 
0.000000000000000 
0.000000000000000 
0.000000000000000 
0.000000000000000 
0.000000000000000 
0.000000000000000 
0.000000000000000 
0.000000000000000 
0.000000000000000 
0.000000000000000 
0.000000000000000 
0.000000000000000 
0.000000000000000 
0.000000000000000 
0.000000000000000 
0.000000000000000 
0.000000000000000 
0.000000000000000 
0.000000000000000 
0.000000000000000 
0.000000000000000 
0.000000000000000 
0.000000000000000 
0.000000000000000 
0.000000000000000 
0.000000000000000 
0.000000000000000 
0.000000000000000 
0.000000000000000 
0.000000000000000 
0.000000000000000 
0.000000000000000 
0.000000000000000 
0.000000000000000 
0.000000000000000 
0.000000000000000 
0.000000000000000 
0.000000000000000 
0.000000000000000 
0.000000000000000 
0.000000000000000 
0.000000000000000 
0.000000000000000 
0.000000000000000 
0.000000000000000 
0.000000000000000 
0.000000000000000 
0.000000000000000 
0.000000000000000 
0.000000000000000 
0.000000000000000 
0.000000000000000 
0.000000000000000 
0.000000000000000 
0.000000000000000 
0.000000000000000 
0.000000000000000 
0.000000000000000 
0.000000000000000 
0.000000000000000 
0.000000000000000 
0.000000000000000 
0.000000000000000 
0.000000000000000 
0.000000000000000 
0.000000000000000 
0.000000000000000 
0.000000000000000 
0.000000000000000 
0.000000000000000 
0.000000000000000 
0.000000000000000 
0.000000000000000 
0.000000000000000 
0.000000000000000 
0.000000000000000 
0.000000000000000 
0.000000000000000 
0.000000000000000 
0.000000000000000 
0.000000000000000 
0.000000000000000 
0.000000000000000 
0.000000000000000 
l=2 j=3 
0.000031199801015 
0.000016640000467 
0.000008718389836 
0.000004487869774 
0.000002269880042 
0.000001128109943 
0.000000550945003 
0.000000264417992 
0.000000124712003 
0.000000057804801 
0.000000026330300 
0.000000011786300 
0.000000005184610 
0.000000002241040 
0.000000000951824 
0.000000000397196 
0.000000000162840 
0.000000000065581 
0.000000000025943 
0.000000000010079 
0.000000000003845 
0.000000000001440 
0.000000000000530 
0.000000000000191 
0.000000000000068 
0.000000000000024 
0.000000000000008 
0.000000000000003 
0.000000000000001 
0.000000000000000 
0.000000000000000 
0.000000000000000 
0.000000000000000 
0.000000000000000 
0.000000000000000 
0.000000000000000 
0.000000000000000 
0.000000000000000 
0.000000000000000 
0.000000000000000 
0.000000000000000 
0.000000000000000 
0.000000000000000 
0.000000000000000 
0.000000000000000 
0.000000000000000 
0.000000000000000 
0.000000000000000 
0.000000000000000 
0.000000000000000 
0.000000000000000 
0.000000000000000 
0.000000000000000 
0.000000000000000 
0.000000000000000 
0.000000000000000 
0.000000000000000 
0.000000000000000 
0.000000000000000 
0.000000000000000 
0.000000000000000 
0.000000000000000 
0.000000000000000 
0.000000000000000 
-0.000050651298807 
-0.000251696008490 
-0.000875725992955 
-0.002461787080392 
-0.005926066078246 
-0.012604826129973 
-0.024152014404535 
-0.042223822325468 
-0.067937992513180 
-0.101189032196999 
-0.140003845095635 
-0.180191069841385 
-0.215527996420860 
-0.238618254661560 
-0.242359116673470 
-0.221733704209328 
-0.175471872091293 
-0.107075400650501 
-0.024815389886498 
0.059437088668346 
0.132364347577095 
0.181866809725761 
0.199602067470551 
0.182775929570198 
0.134752780199051 
0.064357236027718 
-0.015933854505420 
-0.092452973127365 
-0.152879729866982 
-0.188311681151390 
-0.194487467408180 
-0.172015130519867 
-0.125692993402481 
-0.063189089298248 
0.006566691212356 
0.074929371476173 
0.134755745530129 
0.181142494082451 
0.211660534143448 
0.226160481572151 
0.226284295320511 
0.214836448431015 
0.195151612162590 
0.170558542013168 
0.143994420766830 
0.117782846093178 
0.093557976186275 
0.072299182415009 
0.054435361176729 
0.039980959147215 
0.028674304485321 
0.020099066197872 
0.013779201544821 
0.009245184250176 
0.006074243225157 
0.003909898921847 
0.002466731006280 
0.001525896019302 
0.000925805012230 
0.000551105011255 
0.000321945990436 
0.000184613993042 
0.000103937003587 
0.000057461500546 
l=3 j=0 
0.000846480019391 
0.000545558985323 
0.000346159999026 
0.000216229993384 
0.000132968998514 
0.000080493802670 
0.000047966601414 
0.000028135800676 
0.000016244199287 
0.000009230589967 
0.000005162050002 
0.000002840800107 
0.000001538320021 
0.000000819593993 
0.000000429583991 
0.000000221484996 
0.000000112313003 
0.000000056007899 
0.000000027462100 
0.000000013237700 
0.000000006272060 
0.000000002920430 
0.000000001336080 
0.000000000600451 
0.000000000265020 
0.000000000114849 
0.000000000048855 
0.000000000020394 
0.000000000008352 
0.000000000003354 
0.000000000001321 
0.000000000000510 
0.000000000000193 
0.000000000000071 
0.000000000000026 
0.000000000000009 
0.000000000000003 
0.000000000000001 
0.000000000000000 
0.000000000000000 
0.000000000000000 
0.000000000000000 
0.000000000000000 
0.000000000000000 
0.000000000000000 
0.000000000000000 
0.000000000000000 
0.000000000000000 
0.000000000000000 
0.000000000000000 
0.000000000000000 
0.000000000000000 
0.000000000000000 
0.000000000000000 
0.000000000000000 
0.000000000000000 
0.000000000000000 
0.000000000000000 
0.000000000000000 
0.000000000000000 
0.000000000000000 
0.000000000000000 
0.000000000000000 
0.000000000000000 
0.000000000145789 
0.000000001075570 
0.000000005588830 
0.000000023617099 
0.000000086083404 
0.000000279510999 
0.000000825115023 
0.000002245790029 
0.000005694119864 
0.000013554699763 
0.000030482000511 
0.000065080603235 
0.000132464992930 
0.000257923005847 
0.000481825991301 
0.000865756010171 
0.001499534002505 
0.002508447039872 
0.004059536848217 
0.006365383975208 
0.009683515876532 
0.014309582300484 
0.020562700927258 
0.028762225061655 
0.039196304976940 
0.052084121853113 
0.067535229027271 
0.085510760545731 
0.105792135000229 
0.127962753176689 
0.151407569646835 
0.175333231687546 
0.198809191584587 
0.220827370882034 
0.240374818444252 
0.256512194871903 
0.268449306488037 
0.275609225034714 
0.277673751115799 
0.274605423212051 
0.266644150018692 
0.254279524087906 
0.238203182816505 
0.219247370958328 
0.198316708207130 
0.176320865750313 
0.154114440083504 
0.132448941469193 
0.111939795315266 
0.093048974871635 
0.076082631945610 
0.061200842261314 
0.048436652868986 
0.037720587104559 
0.028907399624586 
0.021802220493555 
0.016183951869607 
0.011824638582766 
0.008504221215844 
0.006020667962730 
0.004195997025818 
0.002878851024434 
0.001944495947100 
0.001293019042350 
l=3 j=1 
0.014280180446804 
0.009964565746486 
0.006823823787272 
0.004587144125253 
0.003027518978342 
0.001962149050087 
0.001248923945241 
0.000780811998993 
0.000479512993479 
0.000289284012979 
0.000171450999915 
0.000099828102975 
0.000057104400184 
0.000032091098547 
0.000017716800357 
0.000009608420442 
0.000005118699846 
0.000002678400051 
0.000001376439968 
0.000000694641983 
0.000000344216005 
0.000000167459007 
0.000000079968800 
0.000000037479602 
0.000000017236401 
0.000000007776510 
0.000000003441180 
0.000000001493150 
0.000000000635119 
0.000000000264748 
0.000000000108117 
0.000000000043240 
0.000000000016930 
0.000000000006486 
0.000000000002431 
0.000000000000891 
0.000000000000319 
0.000000000000111 
0.000000000000038 
0.000000000000013 
0.000000000000004 
0.000000000000001 
0.000000000000000 
0.000000000000000 
0.000000000000000 
0.000000000000000 
0.000000000000000 
0.000000000000000 
0.000000000000000 
0.000000000000000 
0.000000000000000 
0.000000000000000 
0.000000000000000 
0.000000000000000 
0.000000000000000 
0.000000000000000 
0.000000000000000 
0.000000000000000 
0.000000000000000 
0.000000000000000 
0.000000000000000 
0.000000000000000 
0.000000000000000 
0.000000000000000 
0.000000005588830 
0.000000039067601 
0.000000192051999 
0.000000766556980 
0.000002634589919 
0.000008051500117 
0.000022327199986 
0.000056968099670 
0.000135103997309 
0.000300107989460 
0.000628150999546 
0.001244815997779 
0.002344707958400 
0.004211129155010 
0.007230671122670 
0.011895298026502 
0.018783142790198 
0.028509588912129 
0.041643217206001 
0.058587241917849 
0.079435773193836 
0.103824414312840 
0.130803778767586 
0.158769801259041 
0.185484066605568 
0.208207339048386 
0.223953202366829 
0.229844823479652 
0.223533719778061 
0.203618884086609 
0.169993668794632 
0.124050289392471 
0.068689398467541 
0.008111675269902 
-0.052594382315874 
-0.108017243444920 
-0.153059512376785 
-0.183552205562592 
-0.196753025054932 
-0.191655099391937 
-0.169064491987228 
-0.131443515419960 
-0.082553811371326 
-0.026962177827954 
0.030511651188135 
0.085324972867966 
0.133651241660118 
0.172681525349617 
0.200767800211906 
0.217413127422333 
0.223134562373161 
0.219238340854645 
0.207550898194313 
0.190147712826729 
0.169112518429756 
0.146349057555199 
0.123455092310906 
0.101658128201962 
0.081804506480694 
0.064388982951641 
0.049610394984484 
0.037439797073603 
0.027690006420016 
0.020078675821424 
l=3 j=2 
0.000000000000000 
0.000000000000000 
0.000000000000000 
0.000000000000000 
0.000000000000000 
0.000000000000000 
0.000000000000000 
0.000000000000000 
0.000000000000000 
0.000000000000000 
0.000000000000000 
0.000000000000000 
0.000000000000000 
0.000000000000000 
0.000000000000000 
0.000000000000000 
0.000000000000000 
0.000000000000000 
0.000000000000000 
0.000000000000000 
0.000000000000000 
0.000000000000000 
0.000000000000000 
0.000000000000000 
0.000000000000000 
0.000000000000000 
0.000000000000000 
0.000000000000000 
0.000000000000000 
0.000000000000000 
0.000000000000000 
0.000000000000000 
0.000000000000000 
0.000000000000000 
0.000000000000000 
0.000000000000000 
0.000000000000000 
0.000000000000000 
0.000000000000000 
0.000000000000000 
0.000000000000000 
0.000000000000000 
0.000000000000000 
0.000000000000000 
0.000000000000000 
0.000000000000000 
0.000000000000000 
0.000000000000000 
0.000000000000000 
0.000000000000000 
0.000000000000000 
0.000000000000000 
0.000000000000000 
0.000000000000000 
0.000000000000000 
0.000000000000000 
0.000000000000000 
0.000000000000000 
0.000000000000000 
0.000000000000000 
0.000000000000000 
0.000000000000000 
0.000000000000000 
0.000000000000000 
0.000000000000000 
0.000000000000000 
0.000000000000000 
0.000000000000000 
0.000000000000000 
0.000000000000000 
0.000000000000000 
0.000000000000000 
0.000000000000000 
0.000000000000000 
0.000000000000000 
0.000000000000000 
0.000000000000000 
0.000000000000000 
0.000000000000000 
0.000000000000000 
0.000000000000000 
0.000000000000000 
0.000000000000000 
0.000000000000000 
0.000000000000000 
0.000000000000000 
0.000000000000000 
0.000000000000000 
0.000000000000000 
0.000000000000000 
0.000000000000000 
0.000000000000000 
0.000000000000000 
0.000000000000000 
0.000000000000000 
0.000000000000000 
0.000000000000000 
0.000000000000000 
0.000000000000000 
0.000000000000000 
0.000000000000000 
0.000000000000000 
0.000000000000000 
0.000000000000000 
0.000000000000000 
0.000000000000000 
0.000000000000000 
0.000000000000000 
0.000000000000000 
0.000000000000000 
0.000000000000000 
0.000000000000000 
0.000000000000000 
0.000000000000000 
0.000000000000000 
0.000000000000000 
0.000000000000000 
0.000000000000000 
0.000000000000000 
0.000000000000000 
0.000000000000000 
0.000000000000000 
0.000000000000000 
0.000000000000000 
0.000000000000000 
0.000000000000000 
0.000000000000000 
0.000000000000000 
l=3 j=3 
0.036910686641932 
0.026977628469467 
0.019305713474751 
0.013533298857510 
0.009296741336584 
0.006260570138693 
0.004134060814977 
0.002677465090528 
0.001701146014966 
0.001060478040017 
0.000648726010695 
0.000389461987652 
0.000229482000577 
0.000132718007080 
0.000075340598414 
0.000041980201786 
0.000022959999114 
0.000012325300304 
0.000006493759884 
0.000003357680043 
0.000001703680027 
0.000000848184982 
0.000000414281004 
0.000000198487996 
0.000000093269001 
0.000000042975401 
0.000000019412900 
0.000000008595040 
0.000000003728910 
0.000000001584780 
0.000000000659589 
0.000000000268753 
0.000000000107164 
0.000000000041801 
0.000000000015943 
0.000000000005943 
0.000000000002164 
0.000000000000769 
0.000000000000267 
0.000000000000090 
0.000000000000030 
0.000000000000010 
0.000000000000003 
0.000000000000001 
0.000000000000000 
0.000000000000000 
0.000000000000000 
0.000000000000000 
0.000000000000000 
0.000000000000000 
0.000000000000000 
0.000000000000000 
0.000000000000000 
0.000000000000000 
0.000000000000000 
0.000000000000000 
0.000000000000000 
0.000000000000000 
0.000000000000000 
0.000000000000000 
0.000000000000000 
0.000000000000000 
0.000000000000000 
0.000000000000000 
-0.000000023617099 
-0.000000160517999 
-0.000000766556980 
-0.000002969499974 
-0.000009895309631 
-0.000029288899896 
-0.000078571800259 
-0.000193697997020 
-0.000443230994279 
-0.000948556989897 
-0.001909710001200 
-0.003633711021394 
-0.006558679044247 
-0.011262968182564 
-0.018445393070579 
-0.028862174600363 
-0.043210171163082 
-0.061955831944942 
-0.085124313831329 
-0.112081646919251 
-0.141359642148018 
-0.170582875609398 
-0.196553796529770 
-0.215531960129738 
-0.223707303404808 
-0.217820778489113 
-0.195838391780853 
-0.157550305128098 
-0.104955814778805 
-0.042317058891058 
0.024183575063944 
0.087170802056789 
0.139094963669777 
0.173377558588982 
0.185480237007141 
0.173695713281632 
0.139504700899124 
0.087423346936703 
0.024362057447433 
-0.041390288621187 
-0.101375572383404 
-0.148158192634583 
-0.176302313804627 
-0.182988107204437 
-0.168195828795433 
-0.134467691183090 
-0.086329102516174 
-0.029498387128115 
0.029967188835144 
0.086452230811119 
0.135386869311333 
0.173614919185638 
0.199515685439110 
0.212908819317818 
0.214798942208290 
0.207028731703758 
0.191907584667206 
0.171870842576027 
0.149206593632698 
0.125867962837219 
0.103372126817703 
0.082774892449379 
0.064702197909355 
0.049418244510889 
l=4 j=0 
0.065589189529419 
0.052723012864590 
0.041723281145096 
0.032505761831999 
0.024930782616138 
0.018823124468327 
0.013989785686135 
0.010234666988254 
0.007369801867753 
0.005223121028394 
0.003643052885309 
0.002500501926988 
0.001688792952336 
0.001122200977989 
0.000733605993446 
0.000471739011118 
0.000298353988910 
0.000185562996194 
0.000113479996799 
0.000068224500865 
0.000040316401282 
0.000023413200324 
0.000013359500372 
0.000007488190022 
0.000004122110113 
0.000002227980076 
0.000001182050028 
0.000000615419026 
0.000000314327991 
0.000000157445001 
0.000000077314198 
0.000000037205702 
0.000000017538900 
0.000000008095660 
0.000000003657250 
0.000000001616180 
0.000000000698270 
0.000000000294781 
0.000000000121518 
0.000000000048882 
0.000000000019173 
0.000000000007327 
0.000000000002725 
0.000000000000986 
0.000000000000346 
0.000000000000118 
0.000000000000039 
0.000000000000012 
0.000000000000004 
0.000000000000001 
0.000000000000000 
0.000000000000000 
0.000000000000000 
0.000000000000000 
0.000000000000000 
0.000000000000000 
0.000000000000000 
0.000000000000000 
0.000000000000000 
0.000000000000000 
0.000000000000000 
0.000000000000000 
0.000000000000000 
0.000000000000000 
0.000000000000008 
0.000000000000075 
0.000000000000488 
0.000000000002570 
0.000000000011683 
0.000000000047314 
0.000000000174201 
0.000000000591354 
0.000000001870030 
0.000000005552060 
0.000000015572200 
0.000000041466802 
0.000000105266999 
0.000000255638014 
0.000000595618019 
0.000001334800004 
0.000002883499974 
0.000006016040061 
0.000012143000276 
0.000023747399609 
0.000045057498937 
0.000083043203631 
0.000148833001731 
0.000259647989878 
0.000441317009972 
0.000731397012714 
0.001182827050798 
0.001867903047241 
0.002882235916331 
0.004348129965365 
0.006416664924473 
0.009267630986869 
0.013106410391629 
0.018156951293349 
0.024650275707245 
0.032808288931847 
0.042823348194361 
0.054834619164467 
0.068903088569641 
0.084987632930279 
0.102925136685371 
0.122417502105236 
0.143028467893601 
0.164192035794258 
0.185233592987061 
0.205403059720993 
0.223918139934540 
0.240014359354973 
0.252997368574143 
0.262292504310608 
0.267486900091171 
0.268359631299973 
0.264896780252457 
0.257290482521057 
0.245921835303307 
0.231329783797264 
0.214169755578041 
0.195166051387787 
0.175062716007233 
0.154577597975731 
0.134363025426865 
0.114975847303867 
0.096858359873295 
0.080330021679401 
l=4 j=1 
0.215579494833946 
0.206691473722458 
0.191944718360901 
0.173161417245865 
0.152086690068245 
0.130259752273560 
0.108933150768280 
0.089037753641605 
0.071186468005180 
0.055706564337015 
0.042689759284258 
0.032050080597401 
0.023581245914102 
0.017007924616337 
0.012027421966195 
0.008340624161065 
0.005672553088516 
0.003783945925534 
0.002475796965882 
0.001588884042576 
0.001000153017230 
0.000617470010184 
0.000373858987587 
0.000221971000428 
0.000129218999064 
0.000073744398833 
0.000041250401409 
0.000022611700842 
0.000012143499589 
0.000006387700068 
0.000003290130053 
0.000001658860015 
0.000000818433023 
0.000000394971011 
0.000000186367998 
0.000000085941998 
0.000000038711999 
0.000000017023700 
0.000000007304110 
0.000000003055640 
0.000000001245500 
0.000000000494249 
0.000000000190779 
0.000000000071562 
0.000000000026058 
0.000000000009200 
0.000000000003145 
0.000000000001040 
0.000000000000332 
0.000000000000102 
0.000000000000030 
0.000000000000009 
0.000000000000002 
0.000000000000001 
0.000000000000000 
0.000000000000000 
0.000000000000000 
0.000000000000000 
0.000000000000000 
0.000000000000000 
0.000000000000000 
0.000000000000000 
0.000000000000000 
0.000000000000000 
0.000000000000488 
0.000000000004310 
0.000000000026811 
0.000000000135513 
0.000000000590255 
0.000000002288090 
0.000000008055840 
0.000000026123899 
0.000000078830404 
0.000000223079994 
0.000000595654001 
0.000001508120022 
0.000003635290113 
0.000008370900105 
0.000018466000256 
0.000039119498979 
0.000079753001046 
0.000156754002091 
0.000297505001072 
0.000545974995475 
0.000970010005403 
0.001670178025961 
0.002789530903101 
0.004523001145571 
0.007124351803213 
0.010907795280218 
0.016240755096078 
0.023524114862084 
0.033156815916300 
0.045483261346817 
0.060724530369043 
0.078898094594479 
0.099734656512737 
0.122604876756668 
0.146471425890923 
0.169882550835609 
0.191021129488945 
0.207817628979683 
0.218126609921455 
0.219955384731293 
0.211722552776337 
0.192514106631279 
0.162299200892448 
0.122067928314209 
0.073860138654709 
0.020666992291808 
-0.033794879913330 
-0.085417568683624 
-0.130107298493385 
-0.164210811257362 
-0.184906870126724 
-0.190510436892510 
-0.180648505687714 
-0.156285241246223 
-0.119595326483250 
-0.073706239461899 
-0.022347183898091 
0.030546408146620 
0.081221237778664 
0.126440942287445 
0.163732215762138 
0.191522926092148 
0.209168925881386 
0.216881692409515 
l=4 j=2 
0.000000000000000 
0.000000000000000 
0.000000000000000 
0.000000000000000 
0.000000000000000 
0.000000000000000 
0.000000000000000 
0.000000000000000 
0.000000000000000 
0.000000000000000 
0.000000000000000 
0.000000000000000 
0.000000000000000 
0.000000000000000 
0.000000000000000 
0.000000000000000 
0.000000000000000 
0.000000000000000 
0.000000000000000 
0.000000000000000 
0.000000000000000 
0.000000000000000 
0.000000000000000 
0.000000000000000 
0.000000000000000 
0.000000000000000 
0.000000000000000 
0.000000000000000 
0.000000000000000 
0.000000000000000 
0.000000000000000 
0.000000000000000 
0.000000000000000 
0.000000000000000 
0.000000000000000 
0.000000000000000 
0.000000000000000 
0.000000000000000 
0.000000000000000 
0.000000000000000 
0.000000000000000 
0.000000000000000 
0.000000000000000 
0.000000000000000 
0.000000000000000 
0.000000000000000 
0.000000000000000 
0.000000000000000 
0.000000000000000 
0.000000000000000 
0.000000000000000 
0.000000000000000 
0.000000000000000 
0.000000000000000 
0.000000000000000 
0.000000000000000 
0.000000000000000 
0.000000000000000 
0.000000000000000 
0.000000000000000 
0.000000000000000 
0.000000000000000 
0.000000000000000 
0.000000000000000 
0.000000000000000 
0.000000000000000 
0.000000000000000 
0.000000000000000 
0.000000000000000 
0.000000000000000 
0.000000000000000 
0.000000000000000 
0.000000000000000 
0.000000000000000 
0.000000000000000 
0.000000000000000 
0.000000000000000 
0.000000000000000 
0.000000000000000 
0.000000000000000 
0.000000000000000 
0.000000000000000 
0.000000000000000 
0.000000000000000 
0.000000000000000 
0.000000000000000 
0.000000000000000 
0.000000000000000 
0.000000000000000 
0.000000000000000 
0.000000000000000 
0.000000000000000 
0.000000000000000 
0.000000000000000 
0.000000000000000 
0.000000000000000 
0.000000000000000 
0.000000000000000 
0.000000000000000 
0.000000000000000 
0.000000000000000 
0.000000000000000 
0.000000000000000 
0.000000000000000 
0.000000000000000 
0.000000000000000 
0.000000000000000 
0.000000000000000 
0.000000000000000 
0.000000000000000 
0.000000000000000 
0.000000000000000 
0.000000000000000 
0.000000000000000 
0.000000000000000 
0.000000000000000 
0.000000000000000 
0.000000000000000 
0.000000000000000 
0.000000000000000 
0.000000000000000 
0.000000000000000 
0.000000000000000 
0.000000000000000 
0.000000000000000 
0.000000000000000 
0.000000000000000 
0.000000000000000 
l=4 j=3 
0.162314817309380 
0.189498886466026 
0.205277606844902 
0.210204258561134 
0.205655604600906 
0.193536892533302 
0.175989016890526 
0.155133545398712 
0.132878243923187 
0.110792212188244 
0.090048007667065 
0.071420289576054 
0.055325817316771 
0.041888397186995 
0.031014237552881 
0.022465899586678 
0.015927083790302 
0.011054013855755 
0.007512220181525 
0.004999768920243 
0.003259206889197 
0.002081048907712 
0.001301579992287 
0.000797391985543 
0.000478478992591 
0.000281195010757 
0.000161828997079 
0.000091189001978 
0.000050302398449 
0.000027158299417 
0.000014347599972 
0.000007414660104 
0.000003747200026 
0.000001851279990 
0.000000893751974 
0.000000421457003 
0.000000194031998 
0.000000087166498 
0.000000038188201 
0.000000016305499 
0.000000006780500 
0.000000002743930 
0.000000001079690 
0.000000000412689 
0.000000000153071 
0.000000000055030 
0.000000000019150 
0.000000000006441 
0.000000000002091 
0.000000000000654 
0.000000000000196 
0.000000000000057 
0.000000000000016 
0.000000000000004 
0.000000000000001 
0.000000000000000 
0.000000000000000 
0.000000000000000 
0.000000000000000 
0.000000000000000 
0.000000000000000 
0.000000000000000 
0.000000000000000 
0.000000000000000 
-0.000000000002570 
-0.000000000022251 
-0.000000000135513 
-0.000000000670265 
-0.000000002855520 
-0.000000010821000 
-0.000000037223199 
-0.000000117867998 
-0.000000347084011 
-0.000000957860038 
-0.000002492510021 
-0.000006145519819 
-0.000014414699763 
-0.000032271800592 
-0.000069154601078 
-0.000142178003443 
-0.000281015993096 
-0.000534905004315 
-0.000982005964033 
-0.001741006039083 
-0.002984077902511 
-0.004949328955263 
-0.007949580438435 
-0.012373021803796 
-0.018670303747058 
-0.027322420850396 
-0.038784913718700 
-0.053406782448292 
-0.071327254176140 
-0.092360109090805 
-0.115882121026516 
-0.140748575329781 
-0.165262430906296 
-0.187222316861153 
-0.204067915678024 
-0.213127166032791 
-0.211951524019241 
-0.198703974485397 
-0.172545731067658 
-0.133954137563705 
-0.084903597831726 
-0.028852278366685 
0.029496271163225 
0.084651902318001 
0.130971744656563 
0.163386926054955 
0.178114667534828 
0.173240706324577 
0.149070799350739 
0.108183369040489 
0.055162910372019 
-0.003953063860536 
-0.062432866543531 
-0.113700300455093 
-0.152146860957146 
-0.173787415027618 
-0.176669999957085 
-0.160993710160255 
-0.128937810659409 
-0.084249034523964 
-0.031667690724134 
0.023711077868938 
0.077045537531376 
0.124246403574944 
l=5 j=0 
0.265303760766983 
0.261190295219421 
0.253151744604111 
0.241550758481026 
0.226897433400154 
0.209812343120575 
0.190983578562737 
0.171121373772621 
0.150914877653122 
0.130994170904160 
0.111900746822357 
0.094067648053169 
0.077809952199459 
0.063324950635433 
0.050700541585684 
0.039929796010256 
0.030929485335946 
0.023560207337141 
0.017646195366979 
0.012993265874684 
0.009403835050762 
0.006688516121358 
0.004674177151173 
0.003208762034774 
0.002163347089663 
0.001432067016140 
0.000930537993554 
0.000593353994191 
0.000371169007849 
0.000227701006224 
0.000136942995596 
0.000080711397459 
0.000046598699555 
0.000026343199352 
0.000014575300156 
0.000007888569598 
0.000004174240075 
0.000002158230018 
0.000001089640023 
0.000000536829020 
0.000000257885006 
0.000000120696001 
0.000000054986099 
0.000000024359601 
0.000000010482700 
0.000000004376610 
0.000000001770420 
0.000000000692852 
0.000000000261873 
0.000000000095411 
0.000000000033436 
0.000000000011242 
0.000000000003616 
0.000000000001109 
0.000000000000323 
0.000000000000089 
0.000000000000023 
0.000000000000006 
0.000000000000001 
0.000000000000000 
0.000000000000000 
0.000000000000000 
0.000000000000000 
0.000000000000000 
0.000000000000000 
0.000000000000000 
0.000000000000000 
0.000000000000000 
0.000000000000000 
0.000000000000001 
0.000000000000006 
0.000000000000023 
0.000000000000089 
0.000000000000323 
0.000000000001109 
0.000000000003616 
0.000000000011242 
0.000000000033436 
0.000000000095411 
0.000000000261873 
0.000000000692852 
0.000000001770420 
0.000000004376610 
0.000000010482700 
0.000000024359601 
0.000000054986099 
0.000000120696001 
0.000000257885006 
0.000000536829020 
0.000001089640023 
0.000002158230018 
0.000004174240075 
0.000007888569598 
0.000014575300156 
0.000026343199352 
0.000046598699555 
0.000080711397459 
0.000136942995596 
0.000227701006224 
0.000371169007849 
0.000593353994191 
0.000930537993554 
0.001432067016140 
0.002163347089663 
0.003208762034774 
0.004674177151173 
0.006688516121358 
0.009403835050762 
0.012993265874684 
0.017646195366979 
0.023560207337141 
0.030929485335946 
0.039929796010256 
0.050700541585684 
0.063324950635433 
0.077809952199459 
0.094067648053169 
0.111900746822357 
0.130994170904160 
0.150914877653122 
0.171121373772621 
0.190983578562737 
0.209812343120575 
0.226897433400154 
0.241550758481026 
0.253151744604111 
0.261190295219421 
0.265303760766983 
l=5 j=1 
-0.186858057975769 
-0.172280803322792 
-0.144337415695190 
-0.105317585170269 
-0.058342535048723 
-0.007036880124360 
0.044837683439255 
0.093740709125996 
0.136661097407341 
0.171342730522156 
0.196408599615097 
0.211380153894424 
0.216601952910423 
0.213093027472496 
0.202352538704872 
0.186149120330811 
0.166320443153381 
0.144603669643402 
0.122509725391865 
0.101246252655983 
0.081687182188034 
0.064381457865238 
0.049590591341257 
0.037343591451645 
0.027498846873641 
0.019804369658232 
0.013950527645648 
0.009611926041543 
0.006477423012257 
0.004268988035619 
0.002751158084720 
0.001733365003020 
0.001067440956831 
0.000642322003841 
0.000377546995878 
0.000216686006752 
0.000121379001939 
0.000066328597313 
0.000035339500755 
0.000018346800061 
0.000009274789591 
0.000004562130016 
0.000002181659966 
0.000001013350015 
0.000000456701002 
0.000000199482997 
0.000000084336698 
0.000000034461198 
0.000000013587200 
0.000000005159430 
0.000000001882820 
0.000000000658679 
0.000000000220261 
0.000000000070165 
0.000000000021205 
0.000000000006050 
0.000000000001619 
0.000000000000404 
0.000000000000093 
0.000000000000019 
0.000000000000004 
0.000000000000001 
0.000000000000000 
0.000000000000000 
0.000000000000000 
0.000000000000000 
0.000000000000001 
0.000000000000004 
0.000000000000019 
0.000000000000093 
0.000000000000404 
0.000000000001619 
0.000000000006050 
0.000000000021205 
0.000000000070165 
0.000000000220261 
0.000000000658679 
0.000000001882820 
0.000000005159430 
0.000000013587200 
0.000000034461198 
0.000000084336698 
0.000000199482997 
0.000000456701002 
0.000001013350015 
0.000002181659966 
0.000004562130016 
0.000009274789591 
0.000018346800061 
0.000035339500755 
0.000066328597313 
0.000121379001939 
0.000216686006752 
0.000377546995878 
0.000642322003841 
0.001067440956831 
0.001733365003020 
0.002751158084720 
0.004268988035619 
0.006477423012257 
0.009611926041543 
0.013950527645648 
0.019804369658232 
0.027498846873641 
0.037343591451645 
0.049590591341257 
0.064381457865238 
0.081687182188034 
0.101246252655983 
0.122509725391865 
0.144603669643402 
0.166320443153381 
0.186149120330811 
0.202352538704872 
0.213093027472496 
0.216601952910423 
0.211380153894424 
0.196408599615097 
0.171342730522156 
0.136661097407341 
0.093740709125996 
0.044837683439255 
-0.007036880124360 
-0.058342535048723 
-0.105317585170269 
-0.144337415695190 
-0.172280803322792 
-0.186858057975769 
l=5 j=2 
0.000000000000000 
0.000000000000000 
0.000000000000000 
0.000000000000000 
0.000000000000000 
0.000000000000000 
0.000000000000000 
0.000000000000000 
0.000000000000000 
0.000000000000000 
0.000000000000000 
0.000000000000000 
0.000000000000000 
0.000000000000000 
0.000000000000000 
0.000000000000000 
0.000000000000000 
0.000000000000000 
0.000000000000000 
0.000000000000000 
0.000000000000000 
0.000000000000000 
0.000000000000000 
0.000000000000000 
0.000000000000000 
0.000000000000000 
0.000000000000000 
0.000000000000000 
0.000000000000000 
0.000000000000000 
0.000000000000000 
0.000000000000000 
0.000000000000000 
0.000000000000000 
0.000000000000000 
0.000000000000000 
0.000000000000000 
0.000000000000000 
0.000000000000000 
0.000000000000000 
0.000000000000000 
0.000000000000000 
0.000000000000000 
0.000000000000000 
0.000000000000000 
0.000000000000000 
0.000000000000000 
0.000000000000000 
0.000000000000000 
0.000000000000000 
0.000000000000000 
0.000000000000000 
0.000000000000000 
0.000000000000000 
0.000000000000000 
0.000000000000000 
0.000000000000000 
0.000000000000000 
0.000000000000000 
0.000000000000000 
0.000000000000000 
0.000000000000000 
0.000000000000000 
0.000000000000000 
0.000000000000000 
0.000000000000000 
0.000000000000000 
0.000000000000000 
0.000000000000000 
0.000000000000000 
0.000000000000000 
0.000000000000000 
0.000000000000000 
0.000000000000000 
0.000000000000000 
0.000000000000000 
0.000000000000000 
0.000000000000000 
0.000000000000000 
0.000000000000000 
0.000000000000000 
0.000000000000000 
0.000000000000000 
0.000000000000000 
0.000000000000000 
0.000000000000000 
0.000000000000000 
0.000000000000000 
0.000000000000000 
0.000000000000000 
0.000000000000000 
0.000000000000000 
0.000000000000000 
0.000000000000000 
0.000000000000000 
0.000000000000000 
0.000000000000000 
0.000000000000000 
0.000000000000000 
0.000000000000000 
0.000000000000000 
0.000000000000000 
0.000000000000000 
0.000000000000000 
0.000000000000000 
0.000000000000000 
0.000000000000000 
0.000000000000000 
0.000000000000000 
0.000000000000000 
0.000000000000000 
0.000000000000000 
0.000000000000000 
0.000000000000000 
0.000000000000000 
0.000000000000000 
0.000000000000000 
0.000000000000000 
0.000000000000000 
0.000000000000000 
0.000000000000000 
0.000000000000000 
0.000000000000000 
0.000000000000000 
0.000000000000000 
0.000000000000000 
0.000000000000000 
0.000000000000000 
l=5 j=3 
-0.028947927057743 
-0.083687819540501 
-0.129341050982475 
-0.161065533757210 
-0.175659075379372 
-0.171880125999451 
-0.150501519441605 
-0.114103376865387 
-0.066650852560997 
-0.012931838631630 
0.042055830359459 
0.093678861856461 
0.138131424784660 
0.172738417983055 
0.196080669760704 
0.207952424883843 
0.209183409810066 
0.201372310519218 
0.186582222580910 
0.167044147849083 
0.144904568791390 
0.122038766741753 
0.099937796592712 
0.079665206372738 
0.061870783567429 
0.046844642609358 
0.034593809396029 
0.024925790727139 
0.017527116462588 
0.012029292993248 
0.008058572188020 
0.005269289016724 
0.003362629096955 
0.002093957969919 
0.001272096997127 
0.000753721978981 
0.000435399007984 
0.000245114992140 
0.000134415997309 
0.000071761496656 
0.000037275298382 
0.000018824999643 
0.000009236149708 
0.000004398460078 
0.000002031109943 
0.000000908444008 
0.000000393049987 
0.000000164271000 
0.000000066211399 
0.000000025689600 
0.000000009574430 
0.000000003419220 
0.000000001166680 
0.000000000379062 
0.000000000116799 
0.000000000033961 
0.000000000009262 
0.000000000002351 
0.000000000000549 
0.000000000000117 
0.000000000000022 
0.000000000000004 
0.000000000000000 
0.000000000000000 
0.000000000000000 
0.000000000000000 
-0.000000000000004 
-0.000000000000022 
-0.000000000000117 
-0.000000000000549 
-0.000000000002351 
-0.000000000009262 
-0.000000000033961 
-0.000000000116799 
-0.000000000379062 
-0.000000001166680 
-0.000000003419220 
-0.000000009574430 
-0.000000025689600 
-0.000000066211399 
-0.000000164271000 
-0.000000393049987 
-0.000000908444008 
-0.000002031109943 
-0.000004398460078 
-0.000009236149708 
-0.000018824999643 
-0.000037275298382 
-0.000071761496656 
-0.000134415997309 
-0.000245114992140 
-0.000435399007984 
-0.000753721978981 
-0.001272096997127 
-0.002093957969919 
-0.003362629096955 
-0.005269289016724 
-0.008058572188020 
-0.012029292993248 
-0.017527116462588 
-0.024925790727139 
-0.034593809396029 
-0.046844642609358 
-0.061870783567429 
-0.079665206372738 
-0.099937796592712 
-0.122038766741753 
-0.144904568791390 
-0.167044147849083 
-0.186582222580910 
-0.201372310519218 
-0.209183409810066 
-0.207952424883843 
-0.196080669760704 
-0.172738417983055 
-0.138131424784660 
-0.093678861856461 
-0.042055830359459 
0.012931838631630 
0.066650852560997 
0.114103376865387 
0.150501519441605 
0.171880125999451 
0.175659075379372 
0.161065533757210 
0.129341050982475 
0.083687819540501 
0.028947927057743 
l=6 j=0 
0.080330021679401 
0.096858359873295 
0.114975847303867 
0.134363025426865 
0.154577597975731 
0.175062716007233 
0.195166051387787 
0.214169755578041 
0.231329783797264 
0.245921835303307 
0.257290482521057 
0.264896780252457 
0.268359631299973 
0.267486900091171 
0.262292504310608 
0.252997368574143 
0.240014359354973 
0.223918139934540 
0.205403059720993 
0.185233592987061 
0.164192035794258 
0.143028467893601 
0.122417502105236 
0.102925136685371 
0.084987632930279 
0.068903088569641 
0.054834619164467 
0.042823348194361 
0.032808288931847 
0.024650275707245 
0.018156951293349 
0.013106410391629 
0.009267630986869 
0.006416664924473 
0.004348129965365 
0.002882235916331 
0.001867903047241 
0.001182827050798 
0.000731397012714 
0.000441317009972 
0.000259647989878 
0.000148833001731 
0.000083043203631 
0.000045057498937 
0.000023747399609 
0.000012143000276 
0.000006016040061 
0.000002883499974 
0.000001334800004 
0.000000595618019 
0.000000255638014 
0.000000105266999 
0.000000041466802 
0.000000015572200 
0.000000005552060 
0.000000001870030 
0.000000000591354 
0.000000000174201 
0.000000000047314 
0.000000000011683 
0.000000000002570 
0.000000000000488 
0.000000000000075 
0.000000000000008 
0.000000000000000 
0.000000000000000 
0.000000000000000 
0.000000000000000 
0.000000000000000 
0.000000000000000 
0.000000000000000 
0.000000000000000 
0.000000000000000 
0.000000000000000 
0.000000000000000 
0.000000000000000 
0.000000000000000 
0.000000000000000 
0.000000000000001 
0.000000000000004 
0.000000000000012 
0.000000000000039 
0.000000000000118 
0.000000000000346 
0.000000000000986 
0.000000000002725 
0.000000000007327 
0.000000000019173 
0.000000000048882 
0.000000000121518 
0.000000000294781 
0.000000000698270 
0.000000001616180 
0.000000003657250 
0.000000008095660 
0.000000017538900 
0.000000037205702 
0.000000077314198 
0.000000157445001 
0.000000314327991 
0.000000615419026 
0.000001182050028 
0.000002227980076 
0.000004122110113 
0.000007488190022 
0.000013359500372 
0.000023413200324 
0.000040316401282 
0.000068224500865 
0.000113479996799 
0.000185562996194 
0.000298353988910 
0.000471739011118 
0.000733605993446 
0.001122200977989 
0.001688792952336 
0.002500501926988 
0.003643052885309 
0.005223121028394 
0.007369801867753 
0.010234666988254 
0.013989785686135 
0.018823124468327 
0.024930782616138 
0.032505761831999 
0.041723281145096 
0.052723012864590 
0.065589189529419 
l=6 j=1 
0.216881692409515 
0.209168925881386 
0.191522926092148 
0.163732215762138 
0.126440942287445 
0.081221237778664 
0.030546408146620 
-0.022347183898091 
-0.073706239461899 
-0.119595326483250 
-0.156285241246223 
-0.180648505687714 
-0.190510436892510 
-0.184906870126724 
-0.164210811257362 
-0.130107298493385 
-0.085417568683624 
-0.033794879913330 
0.020666992291808 
0.073860138654709 
0.122067928314209 
0.162299200892448 
0.192514106631279 
0.211722552776337 
0.219955384731293 
0.218126609921455 
0.207817628979683 
0.191021129488945 
0.169882550835609 
0.146471425890923 
0.122604876756668 
0.099734656512737 
0.078898094594479 
0.060724530369043 
0.045483261346817 
0.033156815916300 
0.023524114862084 
0.016240755096078 
0.010907795280218 
0.007124351803213 
0.004523001145571 
0.002789530903101 
0.001670178025961 
0.000970010005403 
0.000545974995475 
0.000297505001072 
0.000156754002091 
0.000079753001046 
0.000039119498979 
0.000018466000256 
0.000008370900105 
0.000003635290113 
0.000001508120022 
0.000000595654001 
0.000000223079994 
0.000000078830404 
0.000000026123899 
0.000000008055840 
0.000000002288090 
0.000000000590255 
0.000000000135513 
0.000000000026811 
0.000000000004310 
0.000000000000488 
0.000000000000000 
0.000000000000000 
0.000000000000000 
0.000000000000000 
0.000000000000000 
0.000000000000000 
0.000000000000000 
0.000000000000000 
0.000000000000000 
0.000000000000000 
0.000000000000001 
0.000000000000002 
0.000000000000009 
0.000000000000030 
0.000000000000102 
0.000000000000332 
0.000000000001040 
0.000000000003145 
0.000000000009200 
0.000000000026058 
0.000000000071562 
0.000000000190779 
0.000000000494249 
0.000000001245500 
0.000000003055640 
0.000000007304110 
0.000000017023700 
0.000000038711999 
0.000000085941998 
0.000000186367998 
0.000000394971011 
0.000000818433023 
0.000001658860015 
0.000003290130053 
0.000006387700068 
0.000012143499589 
0.000022611700842 
0.000041250401409 
0.000073744398833 
0.000129218999064 
0.000221971000428 
0.000373858987587 
0.000617470010184 
0.001000153017230 
0.001588884042576 
0.002475796965882 
0.003783945925534 
0.005672553088516 
0.008340624161065 
0.012027421966195 
0.017007924616337 
0.023581245914102 
0.032050080597401 
0.042689759284258 
0.055706564337015 
0.071186468005180 
0.089037753641605 
0.108933150768280 
0.130259752273560 
0.152086690068245 
0.173161417245865 
0.191944718360901 
0.206691473722458 
0.215579494833946 
l=6 j=2 
0.000000000000000 
0.000000000000000 
0.000000000000000 
0.000000000000000 
0.000000000000000 
0.000000000000000 
0.000000000000000 
0.000000000000000 
0.000000000000000 
0.000000000000000 
0.000000000000000 
0.000000000000000 
0.000000000000000 
0.000000000000000 
0.000000000000000 
0.000000000000000 
0.000000000000000 
0.000000000000000 
0.000000000000000 
0.000000000000000 
0.000000000000000 
0.000000000000000 
0.000000000000000 
0.000000000000000 
0.000000000000000 
0.000000000000000 
0.000000000000000 
0.000000000000000 
0.000000000000000 
0.000000000000000 
0.000000000000000 
0.000000000000000 
0.000000000000000 
0.000000000000000 
0.000000000000000 
0.000000000000000 
0.000000000000000 
0.000000000000000 
0.000000000000000 
0.000000000000000 
0.000000000000000 
0.000000000000000 
0.000000000000000 
0.000000000000000 
0.000000000000000 
0.000000000000000 
0.000000000000000 
0.000000000000000 
0.000000000000000 
0.000000000000000 
0.000000000000000 
0.000000000000000 
0.000000000000000 
0.000000000000000 
0.000000000000000 
0.000000000000000 
0.000000000000000 
0.000000000000000 
0.000000000000000 
0.000000000000000 
0.000000000000000 
0.000000000000000 
0.000000000000000 
0.000000000000000 
0.000000000000000 
0.000000000000000 
0.000000000000000 
0.000000000000000 
0.000000000000000 
0.000000000000000 
0.000000000000000 
0.000000000000000 
0.000000000000000 
0.000000000000000 
0.000000000000000 
0.000000000000000 
0.000000000000000 
0.000000000000000 
0.000000000000000 
0.000000000000000 
0.000000000000000 
0.000000000000000 
0.000000000000000 
0.000000000000000 
0.000000000000000 
0.000000000000000 
0.000000000000000 
0.000000000000000 
0.000000000000000 
0.000000000000000 
0.000000000000000 
0.000000000000000 
0.000000000000000 
0.000000000000000 
0.000000000000000 
0.000000000000000 
0.000000000000000 
0.000000000000000 
0.000000000000000 
0.000000000000000 
0.000000000000000 
0.000000000000000 
0.000000000000000 
0.000000000000000 
0.000000000000000 
0.000000000000000 
0.000000000000000 
0.000000000000000 
0.000000000000000 
0.000000000000000 
0.000000000000000 
0.000000000000000 
0.000000000000000 
0.000000000000000 
0.000000000000000 
0.000000000000000 
0.000000000000000 
0.000000000000000 
0.000000000000000 
0.000000000000000 
0.000000000000000 
0.000000000000000 
0.000000000000000 
0.000000000000000 
0.000000000000000 
0.000000000000000 
0.000000000000000 
0.000000000000000 
l=6 j=3 
-0.124246403574944 
-0.077045537531376 
-0.023711077868938 
0.031667690724134 
0.084249034523964 
0.128937810659409 
0.160993710160255 
0.176669999957085 
0.173787415027618 
0.152146860957146 
0.113700300455093 
0.062432866543531 
0.003953063860536 
-0.055162910372019 
-0.108183369040489 
-0.149070799350739 
-0.173240706324577 
-0.178114667534828 
-0.163386926054955 
-0.130971744656563 
-0.084651902318001 
-0.029496271163225 
0.028852278366685 
0.084903597831726 
0.133954137563705 
0.172545731067658 
0.198703974485397 
0.211951524019241 
0.213127166032791 
0.204067915678024 
0.187222316861153 
0.165262430906296 
0.140748575329781 
0.115882121026516 
0.092360109090805 
0.071327254176140 
0.053406782448292 
0.038784913718700 
0.027322420850396 
0.018670303747058 
0.012373021803796 
0.007949580438435 
0.004949328955263 
0.002984077902511 
0.001741006039083 
0.000982005964033 
0.000534905004315 
0.000281015993096 
0.000142178003443 
0.000069154601078 
0.000032271800592 
0.000014414699763 
0.000006145519819 
0.000002492510021 
0.000000957860038 
0.000000347084011 
0.000000117867998 
0.000000037223199 
0.000000010821000 
0.000000002855520 
0.000000000670265 
0.000000000135513 
0.000000000022251 
0.000000000002570 
0.000000000000000 
0.000000000000000 
0.000000000000000 
0.000000000000000 
0.000000000000000 
0.000000000000000 
0.000000000000000 
0.000000000000000 
0.000000000000000 
-0.000000000000001 
-0.000000000000004 
-0.000000000000016 
-0.000000000000057 
-0.000000000000196 
-0.000000000000654 
-0.000000000002091 
-0.000000000006441 
-0.000000000019150 
-0.000000000055030 
-0.000000000153071 
-0.000000000412689 
-0.000000001079690 
-0.000000002743930 
-0.000000006780500 
-0.000000016305499 
-0.000000038188201 
-0.000000087166498 
-0.000000194031998 
-0.000000421457003 
-0.000000893751974 
-0.000001851279990 
-0.000003747200026 
-0.000007414660104 
-0.000014347599972 
-0.000027158299417 
-0.000050302398449 
-0.000091189001978 
-0.000161828997079 
-0.000281195010757 
-0.000478478992591 
-0.000797391985543 
-0.001301579992287 
-0.002081048907712 
-0.003259206889197 
-0.004999768920243 
-0.007512220181525 
-0.011054013855755 
-0.015927083790302 
-0.022465899586678 
-0.031014237552881 
-0.041888397186995 
-0.055325817316771 
-0.071420289576054 
-0.090048007667065 
-0.110792212188244 
-0.132878243923187 
-0.155133545398712 
-0.175989016890526 
-0.193536892533302 
-0.205655604600906 
-0.210204258561134 
-0.205277606844902 
-0.189498886466026 
-0.162314817309380 
l=7 j=0 
0.001293019042350 
0.001944495947100 
0.002878851024434 
0.004195997025818 
0.006020667962730 
0.008504221215844 
0.011824638582766 
0.016183951869607 
0.021802220493555 
0.028907399624586 
0.037720587104559 
0.048436652868986 
0.061200842261314 
0.076082631945610 
0.093048974871635 
0.111939795315266 
0.132448941469193 
0.154114440083504 
0.176320865750313 
0.198316708207130 
0.219247370958328 
0.238203182816505 
0.254279524087906 
0.266644150018692 
0.274605423212051 
0.277673751115799 
0.275609225034714 
0.268449306488037 
0.256512194871903 
0.240374818444252 
0.220827370882034 
0.198809191584587 
0.175333231687546 
0.151407569646835 
0.127962753176689 
0.105792135000229 
0.085510760545731 
0.067535229027271 
0.052084121853113 
0.039196304976940 
0.028762225061655 
0.020562700927258 
0.014309582300484 
0.009683515876532 
0.006365383975208 
0.004059536848217 
0.002508447039872 
0.001499534002505 
0.000865756010171 
0.000481825991301 
0.000257923005847 
0.000132464992930 
0.000065080603235 
0.000030482000511 
0.000013554699763 
0.000005694119864 
0.000002245790029 
0.000000825115023 
0.000000279510999 
0.000000086083404 
0.000000023617099 
0.000000005588830 
0.000000001075570 
0.000000000145789 
0.000000000000000 
0.000000000000000 
0.000000000000000 
0.000000000000000 
0.000000000000000 
0.000000000000000 
0.000000000000000 
0.000000000000000 
0.000000000000000 
0.000000000000000 
0.000000000000000 
0.000000000000000 
0.000000000000000 
0.000000000000000 
0.000000000000000 
0.000000000000000 
0.000000000000000 
0.000000000000000 
0.000000000000000 
0.000000000000000 
0.000000000000000 
0.000000000000000 
0.000000000000000 
0.000000000000000 
0.000000000000000 
0.000000000000000 
0.000000000000001 
0.000000000000003 
0.000000000000009 
0.000000000000026 
0.000000000000071 
0.000000000000193 
0.000000000000510 
0.000000000001321 
0.000000000003354 
0.000000000008352 
0.000000000020394 
0.000000000048855 
0.000000000114849 
0.000000000265020 
0.000000000600451 
0.000000001336080 
0.000000002920430 
0.000000006272060 
0.000000013237700 
0.000000027462100 
0.000000056007899 
0.000000112313003 
0.000000221484996 
0.000000429583991 
0.000000819593993 
0.000001538320021 
0.000002840800107 
0.000005162050002 
0.000009230589967 
0.000016244199287 
0.000028135800676 
0.000047966601414 
0.000080493802670 
0.000132968998514 
0.000216229993384 
0.000346159999026 
0.000545558985323 
0.000846480019391 
l=7 j=1 
0.020078675821424 
0.027690006420016 
0.037439797073603 
0.049610394984484 
0.064388982951641 
0.081804506480694 
0.101658128201962 
0.123455092310906 
0.146349057555199 
0.169112518429756 
0.190147712826729 
0.207550898194313 
0.219238340854645 
0.223134562373161 
0.217413127422333 
0.200767800211906 
0.172681525349617 
0.133651241660118 
0.085324972867966 
0.030511651188135 
-0.026962177827954 
-0.082553811371326 
-0.131443515419960 
-0.169064491987228 
-0.191655099391937 
-0.196753025054932 
-0.183552205562592 
-0.153059512376785 
-0.108017243444920 
-0.052594382315874 
0.008111675269902 
0.068689398467541 
0.124050289392471 
0.169993668794632 
0.203618884086609 
0.223533719778061 
0.229844823479652 
0.223953202366829 
0.208207339048386 
0.185484066605568 
0.158769801259041 
0.130803778767586 
0.103824414312840 
0.079435773193836 
0.058587241917849 
0.041643217206001 
0.028509588912129 
0.018783142790198 
0.011895298026502 
0.007230671122670 
0.004211129155010 
0.002344707958400 
0.001244815997779 
0.000628150999546 
0.000300107989460 
0.000135103997309 
0.000056968099670 
0.000022327199986 
0.000008051500117 
0.000002634589919 
0.000000766556980 
0.000000192051999 
0.000000039067601 
0.000000005588830 
0.000000000000000 
0.000000000000000 
0.000000000000000 
0.000000000000000 
0.000000000000000 
0.000000000000000 
0.000000000000000 
0.000000000000000 
0.000000000000000 
0.000000000000000 
0.000000000000000 
0.000000000000000 
0.000000000000000 
0.000000000000000 
0.000000000000000 
0.000000000000000 
0.000000000000000 
0.000000000000000 
0.000000000000000 
0.000000000000000 
0.000000000000000 
0.000000000000000 
0.000000000000001 
0.000000000000004 
0.000000000000013 
0.000000000000038 
0.000000000000111 
0.000000000000319 
0.000000000000891 
0.000000000002431 
0.000000000006486 
0.000000000016930 
0.000000000043240 
0.000000000108117 
0.000000000264748 
0.000000000635119 
0.000000001493150 
0.000000003441180 
0.000000007776510 
0.000000017236401 
0.000000037479602 
0.000000079968800 
0.000000167459007 
0.000000344216005 
0.000000694641983 
0.000001376439968 
0.000002678400051 
0.000005118699846 
0.000009608420442 
0.000017716800357 
0.000032091098547 
0.000057104400184 
0.000099828102975 
0.000171450999915 
0.000289284012979 
0.000479512993479 
0.000780811998993 
0.001248923945241 
0.001962149050087 
0.003027518978342 
0.004587144125253 
0.006823823787272 
0.009964565746486 
0.014280180446804 
l=7 j=2 
0.000000000000000 
0.000000000000000 
0.000000000000000 
0.000000000000000 
0.000000000000000 
0.000000000000000 
0.000000000000000 
0.000000000000000 
0.000000000000000 
0.000000000000000 
0.000000000000000 
0.000000000000000 
0.000000000000000 
0.000000000000000 
0.000000000000000 
0.000000000000000 
0.000000000000000 
0.000000000000000 
0.000000000000000 
0.000000000000000 
0.000000000000000 
0.000000000000000 
0.000000000000000 
0.000000000000000 
0.000000000000000 
0.000000000000000 
0.000000000000000 
0.000000000000000 
0.000000000000000 
0.000000000000000 
0.000000000000000 
0.000000000000000 
0.000000000000000 
0.000000000000000 
0.000000000000000 
0.000000000000000 
0.000000000000000 
0.000000000000000 
0.000000000000000 
0.000000000000000 
0.000000000000000 
0.000000000000000 
0.000000000000000 
0.000000000000000 
0.000000000000000 
0.000000000000000 
0.000000000000000 
0.000000000000000 
0.000000000000000 
0.000000000000000 
0.000000000000000 
0.000000000000000 
0.000000000000000 
0.000000000000000 
0.000000000000000 
0.000000000000000 
0.000000000000000 
0.000000000000000 
0.000000000000000 
0.000000000000000 
0.000000000000000 
0.000000000000000 
0.000000000000000 
0.000000000000000 
0.000000000000000 
0.000000000000000 
0.000000000000000 
0.000000000000000 
0.000000000000000 
0.000000000000000 
0.000000000000000 
0.000000000000000 
0.000000000000000 
0.000000000000000 
0.000000000000000 
0.000000000000000 
0.000000000000000 
0.000000000000000 
0.000000000000000 
0.000000000000000 
0.000000000000000 
0.000000000000000 
0.000000000000000 
0.000000000000000 
0.000000000000000 
0.000000000000000 
0.000000000000000 
0.000000000000000 
0.000000000000000 
0.000000000000000 
0.000000000000000 
0.000000000000000 
0.000000000000000 
0.000000000000000 
0.000000000000000 
0.000000000000000 
0.000000000000000 
0.000000000000000 
0.000000000000000 
0.000000000000000 
0.000000000000000 
0.000000000000000 
0.000000000000000 
0.000000000000000 
0.000000000000000 
0.000000000000000 
0.000000000000000 
0.000000000000000 
0.000000000000000 
0.000000000000000 
0.000000000000000 
0.000000000000000 
0.000000000000000 
0.000000000000000 
0.000000000000000 
0.000000000000000 
0.000000000000000 
0.000000000000000 
0.000000000000000 
0.000000000000000 
0.000000000000000 
0.000000000000000 
0.000000000000000 
0.000000000000000 
0.000000000000000 
0.000000000000000 
0.000000000000000 
0.000000000000000 
l=7 j=3 
-0.049418244510889 
-0.064702197909355 
-0.082774892449379 
-0.103372126817703 
-0.125867962837219 
-0.149206593632698 
-0.171870842576027 
-0.191907584667206 
-0.207028731703758 
-0.214798942208290 
-0.212908819317818 
-0.199515685439110 
-0.173614919185638 
-0.135386869311333 
-0.086452230811119 
-0.029967188835144 
0.029498387128115 
0.086329102516174 
0.134467691183090 
0.168195828795433 
0.182988107204437 
0.176302313804627 
0.148158192634583 
0.101375572383404 
0.041390288621187 
-0.024362057447433 
-0.087423346936703 
-0.139504700899124 
-0.173695713281632 
-0.185480237007141 
-0.173377558588982 
-0.139094963669777 
-0.087170802056789 
-0.024183575063944 
0.042317058891058 
0.104955814778805 
0.157550305128098 
0.195838391780853 
0.217820778489113 
0.223707303404808 
0.215531960129738 
0.196553796529770 
0.170582875609398 
0.141359642148018 
0.112081646919251 
0.085124313831329 
0.061955831944942 
0.043210171163082 
0.028862174600363 
0.018445393070579 
0.011262968182564 
0.006558679044247 
0.003633711021394 
0.001909710001200 
0.000948556989897 
0.000443230994279 
0.000193697997020 
0.000078571800259 
0.000029288899896 
0.000009895309631 
0.000002969499974 
0.000000766556980 
0.000000160517999 
0.000000023617099 
0.000000000000000 
0.000000000000000 
0.000000000000000 
0.000000000000000 
0.000000000000000 
0.000000000000000 
0.000000000000000 
0.000000000000000 
0.000000000000000 
0.000000000000000 
0.000000000000000 
0.000000000000000 
0.000000000000000 
0.000000000000000 
0.000000000000000 
0.000000000000000 
0.000000000000000 
0.000000000000000 
0.000000000000000 
0.000000000000000 
-0.000000000000001 
-0.000000000000003 
-0.000000000000010 
-0.000000000000030 
-0.000000000000090 
-0.000000000000267 
-0.000000000000769 
-0.000000000002164 
-0.000000000005943 
-0.000000000015943 
-0.000000000041801 
-0.000000000107164 
-0.000000000268753 
-0.000000000659589 
-0.000000001584780 
-0.000000003728910 
-0.000000008595040 
-0.000000019412900 
-0.000000042975401 
-0.000000093269001 
-0.000000198487996 
-0.000000414281004 
-0.000000848184982 
-0.000001703680027 
-0.000003357680043 
-0.000006493759884 
-0.000012325300304 
-0.000022959999114 
-0.000041980201786 
-0.000075340598414 
-0.000132718007080 
-0.000229482000577 
-0.000389461987652 
-0.000648726010695 
-0.001060478040017 
-0.001701146014966 
-0.002677465090528 
-0.004134060814977 
-0.006260570138693 
-0.009296741336584 
-0.013533298857510 
-0.019305713474751 
-0.026977628469467 
-0.036910686641932 
l=8 j=0 
0.000000263313012 
0.000000518460979 
0.000001005009949 
0.000001917909913 
0.000003603119922 
0.000006663619843 
0.000012131199583 
0.000021739200747 
0.000038344300265 
0.000066565800807 
0.000113727001008 
0.000191205006558 
0.000316318008117 
0.000514866027515 
0.000824444985483 
0.001298601971939 
0.002011785982177 
0.003064912976697 
0.004591135773808 
0.006761101074517 
0.009786650538445 
0.013921591453254 
0.019457824528217 
0.026715086773038 
0.036022614687681 
0.047691669315100 
0.061978787183762 
0.079041145741940 
0.098887309432030 
0.121328577399254 
0.145938083529472 
0.172025889158249 
0.198638379573822 
0.224588826298714 
0.248522505164146 
0.269015371799469 
0.284699112176895 
0.294399678707123 
0.297271937131882 
0.292910724878311 
0.281419545412064 
0.263422876596451 
0.240016952157021 
0.212661892175674 
0.183030202984810 
0.152832716703415 
0.123647749423981 
0.096778571605682 
0.073157720267773 
0.053308513015509 
0.037362691015005 
0.025124123319983 
0.016161531209946 
0.009910965338349 
0.005770387127995 
0.003173823002726 
0.001638954970986 
0.000788411998656 
0.000349687004928 
0.000141006996273 
0.000050651298807 
0.000015693700334 
0.000003954450221 
0.000000701801014 
0.000000000000000 
0.000000000000000 
0.000000000000000 
0.000000000000000 
0.000000000000000 
0.000000000000000 
0.000000000000000 
0.000000000000000 
0.000000000000000 
0.000000000000000 
0.000000000000000 
0.000000000000000 
0.000000000000000 
0.000000000000000 
0.000000000000000 
0.000000000000000 
0.000000000000000 
0.000000000000000 
0.000000000000000 
0.000000000000000 
0.000000000000000 
0.000000000000000 
0.000000000000000 
0.000000000000000 
0.000000000000000 
0.000000000000000 
0.000000000000000 
0.000000000000000 
0.000000000000000 
0.000000000000000 
0.000000000000000 
0.000000000000000 
0.000000000000000 
0.000000000000000 
0.000000000000000 
0.000000000000000 
0.000000000000000 
0.000000000000000 
0.000000000000000 
0.000000000000000 
0.000000000000000 
0.000000000000001 
0.000000000000002 
0.000000000000004 
0.000000000000012 
0.000000000000033 
0.000000000000089 
0.000000000000234 
0.000000000000605 
0.000000000001536 
0.000000000003836 
0.000000000009427 
0.000000000022793 
0.000000000054229 
0.000000000126964 
0.000000000292544 
0.000000000663428 
0.000000001480860 
0.000000003253720 
0.000000007037340 
0.000000014983700 
0.000000031406501 
0.000000064807601 
0.000000131657004 
l=8 j=1 
0.000012610999875 
0.000023497799702 
0.000043035299313 
0.000077462798799 
0.000137017996167 
0.000238128995989 
0.000406564009609 
0.000681778008584 
0.001122702029534 
0.001815058989450 
0.002880089916289 
0.004484158940613 
0.006848093122244 
0.010254339314997 
0.015049056150019 
0.021635312587023 
0.030452877283096 
0.041939910501242 
0.056472815573215 
0.074282810091972 
0.095351904630661 
0.119296826422215 
0.145256653428078 
0.171807080507278 
0.196930035948753 
0.218068882822990 
0.232294917106628 
0.236597731709480 
0.228290840983391 
0.205496102571487 
0.167640253901482 
0.115872055292130 
0.053296938538551 
-0.015064935199916 
-0.082657173275948 
-0.142104163765907 
-0.186195790767670 
-0.208996444940567 
-0.206881240010262 
-0.179286375641823 
-0.128992944955826 
-0.061844438314438 
0.014087342657149 
0.089750006794930 
0.156535223126411 
0.207596704363823 
0.238798812031746 
0.249118909239769 
0.240455865859985 
0.216933101415634 
0.183893084526062 
0.146829336881638 
0.110485903918743 
0.078280933201313 
0.052108645439148 
0.032475087791681 
0.018854295834899 
0.010127478279173 
0.004985426086932 
0.002219191985205 
0.000875725992955 
0.000296774000162 
0.000081466700067 
0.000015693700334 
0.000000000000000 
0.000000000000000 
0.000000000000000 
0.000000000000000 
0.000000000000000 
0.000000000000000 
0.000000000000000 
0.000000000000000 
0.000000000000000 
0.000000000000000 
0.000000000000000 
0.000000000000000 
0.000000000000000 
0.000000000000000 
0.000000000000000 
0.000000000000000 
0.000000000000000 
0.000000000000000 
0.000000000000000 
0.000000000000000 
0.000000000000000 
0.000000000000000 
0.000000000000000 
0.000000000000000 
0.000000000000000 
0.000000000000000 
0.000000000000000 
0.000000000000000 
0.000000000000000 
0.000000000000000 
0.000000000000000 
0.000000000000000 
0.000000000000000 
0.000000000000000 
0.000000000000000 
0.000000000000000 
0.000000000000000 
0.000000000000001 
0.000000000000003 
0.000000000000009 
0.000000000000025 
0.000000000000070 
0.000000000000193 
0.000000000000525 
0.000000000001402 
0.000000000003675 
0.000000000009466 
0.000000000023958 
0.000000000059586 
0.000000000145653 
0.000000000349958 
0.000000000826553 
0.000000001919190 
0.000000004381150 
0.000000009833340 
0.000000021700799 
0.000000047089799 
0.000000100476001 
0.000000210804998 
0.000000434896009 
0.000000882200993 
0.000001759609972 
0.000003450739996 
0.000006653239780 
l=8 j=2 
0.000000000000000 
0.000000000000000 
0.000000000000000 
0.000000000000000 
0.000000000000000 
0.000000000000000 
0.000000000000000 
0.000000000000000 
0.000000000000000 
0.000000000000000 
0.000000000000000 
0.000000000000000 
0.000000000000000 
0.000000000000000 
0.000000000000000 
0.000000000000000 
0.000000000000000 
0.000000000000000 
0.000000000000000 
0.000000000000000 
0.000000000000000 
0.000000000000000 
0.000000000000000 
0.000000000000000 
0.000000000000000 
0.000000000000000 
0.000000000000000 
0.000000000000000 
0.000000000000000 
0.000000000000000 
0.000000000000000 
0.000000000000000 
0.000000000000000 
0.000000000000000 
0.000000000000000 
0.000000000000000 
0.000000000000000 
0.000000000000000 
0.000000000000000 
0.000000000000000 
0.000000000000000 
0.000000000000000 
0.000000000000000 
0.000000000000000 
0.000000000000000 
0.000000000000000 
0.000000000000000 
0.000000000000000 
0.000000000000000 
0.000000000000000 
0.000000000000000 
0.000000000000000 
0.000000000000000 
0.000000000000000 
0.000000000000000 
0.000000000000000 
0.000000000000000 
0.000000000000000 
0.000000000000000 
0.000000000000000 
0.000000000000000 
0.000000000000000 
0.000000000000000 
0.000000000000000 
0.000000000000000 
0.000000000000000 
0.000000000000000 
0.000000000000000 
0.000000000000000 
0.000000000000000 
0.000000000000000 
0.000000000000000 
0.000000000000000 
0.000000000000000 
0.000000000000000 
0.000000000000000 
0.000000000000000 
0.000000000000000 
0.000000000000000 
0.000000000000000 
0.000000000000000 
0.000000000000000 
0.000000000000000 
0.000000000000000 
0.000000000000000 
0.000000000000000 
0.000000000000000 
0.000000000000000 
0.000000000000000 
0.000000000000000 
0.000000000000000 
0.000000000000000 
0.000000000000000 
0.000000000000000 
0.000000000000000 
0.000000000000000 
0.000000000000000 
0.000000000000000 
0.000000000000000 
0.000000000000000 
0.000000000000000 
0.000000000000000 
0.000000000000000 
0.000000000000000 
0.000000000000000 
0.000000000000000 
0.000000000000000 
0.000000000000000 
0.000000000000000 
0.000000000000000 
0.000000000000000 
0.000000000000000 
0.000000000000000 
0.000000000000000 
0.000000000000000 
0.000000000000000 
0.000000000000000 
0.000000000000000 
0.000000000000000 
0.000000000000000 
0.000000000000000 
0.000000000000000 
0.000000000000000 
0.000000000000000 
0.000000000000000 
0.000000000000000 
0.000000000000000 
0.000000000000000 
l=8 j=3 
-0.000057461500546 
-0.000103937003587 
-0.000184613993042 
-0.000321945990436 
-0.000551105011255 
-0.000925805012230 
-0.001525896019302 
-0.002466731006280 
-0.003909898921847 
-0.006074243225157 
-0.009245184250176 
-0.013779201544821 
-0.020099066197872 
-0.028674304485321 
-0.039980959147215 
-0.054435361176729 
-0.072299182415009 
-0.093557976186275 
-0.117782846093178 
-0.143994420766830 
-0.170558542013168 
-0.195151612162590 
-0.214836448431015 
-0.226284295320511 
-0.226160481572151 
-0.211660534143448 
-0.181142494082451 
-0.134755745530129 
-0.074929371476173 
-0.006566691212356 
0.063189089298248 
0.125692993402481 
0.172015130519867 
0.194487467408180 
0.188311681151390 
0.152879729866982 
0.092452973127365 
0.015933854505420 
-0.064357236027718 
-0.134752780199051 
-0.182775929570198 
-0.199602067470551 
-0.181866809725761 
-0.132364347577095 
-0.059437088668346 
0.024815389886498 
0.107075400650501 
0.175471872091293 
0.221733704209328 
0.242359116673470 
0.238618254661560 
0.215527996420860 
0.180191069841385 
0.140003845095635 
0.101189032196999 
0.067937992513180 
0.042223822325468 
0.024152014404535 
0.012604826129973 
0.005926066078246 
0.002461787080392 
0.000875725992955 
0.000251696008490 
0.000050651298807 
0.000000000000000 
0.000000000000000 
0.000000000000000 
0.000000000000000 
0.000000000000000 
0.000000000000000 
0.000000000000000 
0.000000000000000 
0.000000000000000 
0.000000000000000 
0.000000000000000 
0.000000000000000 
0.000000000000000 
0.000000000000000 
0.000000000000000 
0.000000000000000 
0.000000000000000 
0.000000000000000 
0.000000000000000 
0.000000000000000 
0.000000000000000 
0.000000000000000 
0.000000000000000 
0.000000000000000 
0.000000000000000 
0.000000000000000 
0.000000000000000 
0.000000000000000 
0.000000000000000 
0.000000000000000 
0.000000000000000 
0.000000000000000 
0.000000000000000 
0.000000000000000 
0.000000000000000 
-0.000000000000001 
-0.000000000000003 
-0.000000000000008 
-0.000000000000024 
-0.000000000000068 
-0.000000000000191 
-0.000000000000530 
-0.000000000001440 
-0.000000000003845 
-0.000000000010079 
-0.000000000025943 
-0.000000000065581 
-0.000000000162840 
-0.000000000397196 
-0.000000000951824 
-0.000000002241040 
-0.000000005184610 
-0.000000011786300 
-0.000000026330300 
-0.000000057804801 
-0.000000124712003 
-0.000000264417992 
-0.000000550945003 
-0.000001128109943 
-0.000002269880042 
-0.000004487869774 
-0.000008718389836 
-0.000016640000467 
-0.000031199801015 
l=9 j=0 
0.000000000000004 
0.000000000000011 
0.000000000000032 
0.000000000000092 
0.000000000000260 
0.000000000000722 
0.000000000001972 
0.000000000005301 
0.000000000014024 
0.000000000036518 
0.000000000093586 
0.000000000236015 
0.000000000585673 
0.000000001429940 
0.000000003434590 
0.000000008114860 
0.000000018857200 
0.000000043092900 
0.000000096827499 
0.000000213888001 
0.000000464403001 
0.000000990925969 
0.000002077480076 
0.000004278500001 
0.000008653690202 
0.000017185400793 
0.000033500498830 
0.000064084502810 
0.000120263001008 
0.000221333000809 
0.000399339012802 
0.000706087972503 
0.001222979975864 
0.002074128016829 
0.003442740999162 
0.005589939188212 
0.008873752318323 
0.013764161616564 
0.020847674459219 
0.030812734737992 
0.044405877590179 
0.062349215149879 
0.085213936865330 
0.113252982497215 
0.146208971738815 
0.183129727840424 
0.222238853573799 
0.260918110609055 
0.295853316783905 
0.323373287916184 
0.339967161417007 
0.342910647392273 
0.330874919891357 
0.304360657930374 
0.265808463096619 
0.219299584627152 
0.169868722558022 
0.122571930289269 
0.081546999514103 
0.049324385821819 
0.026576764881611 
0.012351764366031 
0.004668528214097 
0.001242795027792 
0.000000000000000 
0.000000000000000 
0.000000000000000 
0.000000000000000 
0.000000000000000 
0.000000000000000 
0.000000000000000 
0.000000000000000 
0.000000000000000 
0.000000000000000 
0.000000000000000 
0.000000000000000 
0.000000000000000 
0.000000000000000 
0.000000000000000 
0.000000000000000 
0.000000000000000 
0.000000000000000 
0.000000000000000 
0.000000000000000 
0.000000000000000 
0.000000000000000 
0.000000000000000 
0.000000000000000 
0.000000000000000 
0.000000000000000 
0.000000000000000 
0.000000000000000 
0.000000000000000 
0.000000000000000 
0.000000000000000 
0.000000000000000 
0.000000000000000 
0.000000000000000 
0.000000000000000 
0.000000000000000 
0.000000000000000 
0.000000000000000 
0.000000000000000 
0.000000000000000 
0.000000000000000 
0.000000000000000 
0.000000000000000 
0.000000000000000 
0.000000000000000 
0.000000000000000 
0.000000000000000 
0.000000000000000 
0.000000000000000 
0.000000000000000 
0.000000000000000 
0.000000000000000 
0.000000000000000 
0.000000000000000 
0.000000000000000 
0.000000000000000 
0.000000000000000 
0.000000000000000 
0.000000000000000 
0.000000000000000 
0.000000000000000 
0.000000000000000 
0.000000000000000 
0.000000000000001 
l=9 j=1 
0.000000000000578 
0.000000000001640 
0.000000000004575 
0.000000000012553 
0.000000000033874 
0.000000000089897 
0.000000000234614 
0.000000000602066 
0.000000001519060 
0.000000003767830 
0.000000009186250 
0.000000022011699 
0.000000051828700 
0.000000119898004 
0.000000272455992 
0.000000608043990 
0.000001332389957 
0.000002866009936 
0.000006050070169 
0.000012530100321 
0.000025452200134 
0.000050690101489 
0.000098943397461 
0.000189208003576 
0.000354313000571 
0.000649410008918 
0.001164395012893 
0.002041142899543 
0.003495838958770 
0.005845404230058 
0.009534624405205 
0.015156988054514 
0.023457411676645 
0.035299874842167 
0.051579017192125 
0.073054909706116 
0.100098215043545 
0.132352516055107 
0.168353885412216 
0.205192461609840 
0.238347217440605 
0.261855393648148 
0.268968015909195 
0.253366231918335 
0.210858732461929 
0.141265392303467 
0.049967076629400 
-0.051533151417971 
-0.146634012460709 
-0.216510146856308 
-0.244512394070625 
-0.221071973443031 
-0.147551506757736 
-0.037429075688124 
0.086177647113800 
0.196407660841942 
0.270301163196564 
0.295530229806900 
0.273601144552231 
0.218182057142258 
0.149252623319626 
0.085630081593990 
0.039092157036066 
0.012351764366031 
0.000000000000000 
0.000000000000000 
0.000000000000000 
0.000000000000000 
0.000000000000000 
0.000000000000000 
0.000000000000000 
0.000000000000000 
0.000000000000000 
0.000000000000000 
0.000000000000000 
0.000000000000000 
0.000000000000000 
0.000000000000000 
0.000000000000000 
0.000000000000000 
0.000000000000000 
0.000000000000000 
0.000000000000000 
0.000000000000000 
0.000000000000000 
0.000000000000000 
0.000000000000000 
0.000000000000000 
0.000000000000000 
0.000000000000000 
0.000000000000000 
0.000000000000000 
0.000000000000000 
0.000000000000000 
0.000000000000000 
0.000000000000000 
0.000000000000000 
0.000000000000000 
0.000000000000000 
0.000000000000000 
0.000000000000000 
0.000000000000000 
0.000000000000000 
0.000000000000000 
0.000000000000000 
0.000000000000000 
0.000000000000000 
0.000000000000000 
0.000000000000000 
0.000000000000000 
0.000000000000000 
0.000000000000000 
0.000000000000000 
0.000000000000000 
0.000000000000000 
0.000000000000000 
0.000000000000000 
0.000000000000000 
0.000000000000000 
0.000000000000000 
0.000000000000000 
0.000000000000000 
0.000000000000001 
0.000000000000002 
0.000000000000008 
0.000000000000023 
0.000000000000068 
0.000000000000201 
l=9 j=2 
0.000000000000000 
0.000000000000000 
0.000000000000000 
0.000000000000000 
0.000000000000000 
0.000000000000000 
0.000000000000000 
0.000000000000000 
0.000000000000000 
0.000000000000000 
0.000000000000000 
0.000000000000000 
0.000000000000000 
0.000000000000000 
0.000000000000000 
0.000000000000000 
0.000000000000000 
0.000000000000000 
0.000000000000000 
0.000000000000000 
0.000000000000000 
0.000000000000000 
0.000000000000000 
0.000000000000000 
0.000000000000000 
0.000000000000000 
0.000000000000000 
0.000000000000000 
0.000000000000000 
0.000000000000000 
0.000000000000000 
0.000000000000000 
0.000000000000000 
0.000000000000000 
0.000000000000000 
0.000000000000000 
0.000000000000000 
0.000000000000000 
0.000000000000000 
0.000000000000000 
0.000000000000000 
0.000000000000000 
0.000000000000000 
0.000000000000000 
0.000000000000000 
0.000000000000000 
0.000000000000000 
0.000000000000000 
0.000000000000000 
0.000000000000000 
0.000000000000000 
0.000000000000000 
0.000000000000000 
0.000000000000000 
0.000000000000000 
0.000000000000000 
0.000000000000000 
0.000000000000000 
0.000000000000000 
0.000000000000000 
0.000000000000000 
0.000000000000000 
0.000000000000000 
0.000000000000000 
0.000000000000000 
0.000000000000000 
0.000000000000000 
0.000000000000000 
0.000000000000000 
0.000000000000000 
0.000000000000000 
0.000000000000000 
0.000000000000000 
0.000000000000000 
0.000000000000000 
0.000000000000000 
0.000000000000000 
0.000000000000000 
0.000000000000000 
0.000000000000000 
0.000000000000000 
0.000000000000000 
0.000000000000000 
0.000000000000000 
0.000000000000000 
0.000000000000000 
0.000000000000000 
0.000000000000000 
0.000000000000000 
0.000000000000000 
0.000000000000000 
0.000000000000000 
0.000000000000000 
0.000000000000000 
0.000000000000000 
0.000000000000000 
0.000000000000000 
0.000000000000000 
0.000000000000000 
0.000000000000000 
0.000000000000000 
0.000000000000000 
0.000000000000000 
0.000000000000000 
0.000000000000000 
0.000000000000000 
0.000000000000000 
0.000000000000000 
0.000000000000000 
0.000000000000000 
0.000000000000000 
0.000000000000000 
0.000000000000000 
0.000000000000000 
0.000000000000000 
0.000000000000000 
0.000000000000000 
0.000000000000000 
0.000000000000000 
0.000000000000000 
0.000000000000000 
0.000000000000000 
0.000000000000000 
0.000000000000000 
0.000000000000000 
0.000000000000000 
0.000000000000000 
0.000000000000000 
l=9 j=3 
-0.000000000004803 
-0.000000000013335 
-0.000000000036401 
-0.000000000097687 
-0.000000000257714 
-0.000000000668293 
-0.000000001703240 
-0.000000004265940 
-0.000000010498400 
-0.000000025382400 
-0.000000060280001 
-0.000000140593997 
-0.000000321977012 
-0.000000723855976 
-0.000001597150003 
-0.000003457719913 
-0.000007342820027 
-0.000015290699594 
-0.000031213101465 
-0.000062434999563 
-0.000122326993733 
-0.000234653998632 
-0.000440481991973 
-0.000808697019238 
-0.001451238989830 
-0.002543868962675 
-0.004352380055934 
-0.007262182887644 
-0.011805904097855 
-0.018678728491068 
-0.028725186362863 
-0.042875222861767 
-0.062004357576370 
-0.086696788668633 
-0.116906195878983 
-0.151541620492935 
-0.188054710626602 
-0.222163781523705 
-0.247901126742363 
-0.258182197809219 
-0.246035754680634 
-0.206471815705299 
-0.138703182339668 
-0.048128824681044 
0.052755322307348 
0.145369663834572 
0.208490177989006 
0.223855480551720 
0.182661458849907 
0.090751104056835 
-0.029985368251801 
-0.145725846290588 
-0.220202222466469 
-0.226960986852646 
-0.159848943352699 
-0.036926388740540 
0.104877881705761 
0.223098486661911 
0.285738766193390 
0.282779216766357 
0.227803051471710 
0.149252623319626 
0.076251909136772 
0.026576764881611 
0.000000000000000 
0.000000000000000 
0.000000000000000 
0.000000000000000 
0.000000000000000 
0.000000000000000 
0.000000000000000 
0.000000000000000 
0.000000000000000 
0.000000000000000 
0.000000000000000 
0.000000000000000 
0.000000000000000 
0.000000000000000 
0.000000000000000 
0.000000000000000 
0.000000000000000 
0.000000000000000 
0.000000000000000 
0.000000000000000 
0.000000000000000 
0.000000000000000 
0.000000000000000 
0.000000000000000 
0.000000000000000 
0.000000000000000 
0.000000000000000 
0.000000000000000 
0.000000000000000 
0.000000000000000 
0.000000000000000 
0.000000000000000 
0.000000000000000 
0.000000000000000 
0.000000000000000 
0.000000000000000 
0.000000000000000 
0.000000000000000 
0.000000000000000 
0.000000000000000 
0.000000000000000 
0.000000000000000 
0.000000000000000 
0.000000000000000 
0.000000000000000 
0.000000000000000 
0.000000000000000 
0.000000000000000 
0.000000000000000 
0.000000000000000 
0.000000000000000 
0.000000000000000 
0.000000000000000 
0.000000000000000 
0.000000000000000 
0.000000000000000 
-0.000000000000001 
-0.000000000000002 
-0.000000000000007 
-0.000000000000023 
-0.000000000000068 
-0.000000000000203 
-0.000000000000592 
-0.000000000001701 
