l=1 j=0 
0.005547828972340 
0.001630908343941 
0.000421098724473 
0.000094634902780 
0.000018212494979 
0.000002916333415 
0.000000367423468 
0.000000031622776 
0.453752279281616 
0.585791647434235 
0.516619682312012 
0.358476549386978 
0.206966534256935 
0.102326996624470 
0.044034525752068 
0.016643486917019 
l=1 j=1 
0.031036270782351 
0.010527468286455 
0.003080604830757 
0.000773763167672 
0.000164585610037 
0.000028864771593 
0.000003952847237 
0.000000367423468 
-0.585791647434235 
-0.252084612846375 
0.222317725419998 
0.462791234254837 
0.445321083068848 
0.308241695165634 
0.170544981956482 
0.078784376382828 
l=1 j=2 
0.107380181550980 
0.043238565325737 
0.014634395949543 
0.004171331878752 
0.000992357963696 
0.000192424602574 
0.000028864771593 
0.000002916333415 
0.516619682312012 
-0.222317725419998 
-0.420141011476517 
-0.058306217193604 
0.325410068035126 
0.449374139308929 
0.365273028612137 
0.221076831221581 
l=1 j=3 
0.254547357559204 
0.127246215939522 
0.051287461072207 
0.016933664679527 
0.004574709106237 
0.000992357963696 
0.000164585610037 
0.000018212494979 
-0.358476549386978 
0.462791234254837 
0.058306217193604 
-0.389019459486008 
-0.221006870269775 
0.194551631808281 
0.420902192592621 
0.393452674150467 
l=2 j=0 
0.058777242898941 
0.025918327271938 
0.010038125328720 
0.003383851377293 
0.000976833747700 
0.000234627877944 
0.000044340500608 
0.000005724334187 
0.187574982643127 
0.363237380981445 
0.480517894029617 
0.500138878822327 
0.433132976293564 
0.321220010519028 
0.207346618175507 
0.117554485797882 
l=2 j=1 
0.189702734351158 
0.100381255149841 
0.045357074588537 
0.017474133521318 
0.005674891173840 
0.001514516421594 
0.000314838369377 
0.000044340500608 
-0.363237380981445 
-0.468937456607819 
-0.310172975063324 
0.000000000000000 
0.279586136341095 
0.414693236351013 
0.401525020599365 
0.303524374961853 
l=2 j=2 
0.351334393024445 
0.237128421664238 
0.129799738526344 
0.058615837246180 
0.021806556731462 
0.006554362364113 
0.001514516421594 
0.000234627877944 
0.480517894029617 
0.310172975063324 
-0.117234364151955 
-0.366064161062241 
-0.264184057712555 
0.039184827357531 
0.303524374961853 
0.401525020599365 
l=2 j=3 
0.373717367649078 
0.370596349239349 
0.262944728136063 
0.144756630063057 
0.063282512128353 
0.021806556731462 
0.005674891173840 
0.000976833747700 
-0.500138878822327 
0.000000000000000 
0.366064161062241 
0.175851538777351 
-0.215746864676476 
-0.338828086853027 
-0.121506996452808 
0.192886382341385 
l=3 j=0 
0.186467200517654 
0.107656881213188 
0.054592005908489 
0.024095131084323 
0.009107103571296 
0.002864051610231 
0.000708669016603 
0.000119786920550 
0.068902552127838 
0.174699857831001 
0.302589029073715 
0.412359327077866 
0.467571526765823 
0.454015851020813 
0.383713424205780 
0.284833341836929 
l=3 j=1 
0.367718279361725 
0.272960007190704 
0.169175103306770 
0.088244445621967 
0.038484536111355 
0.013716537505388 
0.003793252632022 
0.000708669016603 
-0.174699857831001 
-0.344512760639191 
-0.426223993301392 
-0.348507225513458 
-0.131723359227181 
0.127904474735260 
0.324297040700913 
0.401213526725769 
l=3 j=2 
0.333617806434631 
0.382727175951004 
0.315852582454681 
0.204351693391800 
0.106016650795937 
0.043722227215767 
0.013716537505388 
0.002864051610231 
0.302589029073715 
0.426223993301392 
0.288265764713287 
-0.028744392096996 
-0.293337702751160 
-0.327030867338181 
-0.133737847208977 
0.138984441757202 
l=3 j=3 
0.003179331775755 
0.263538002967835 
0.375383585691452 
0.332244515419006 
0.215594276785851 
0.106016650795937 
0.038484536111355 
0.009107103571296 
-0.412359327077866 
-0.348507225513458 
0.028744392096996 
0.318398088216782 
0.244862273335457 
-0.074093677103519 
-0.307495146989822 
-0.257394999265671 
l=4 j=0 
0.343592464923859 
0.247414842247963 
0.156478881835938 
0.086138792335987 
0.040606215596199 
0.015927068889141 
0.004915200173855 
0.001036215107888 
0.021683748811483 
0.068570032715797 
0.148128211498261 
0.251769542694092 
0.356055885553360 
0.431205093860626 
0.454530090093613 
0.420813083648682 
l=4 j=1 
0.362178236246109 
0.391197204589844 
0.329886466264725 
0.226995646953583 
0.128408133983612 
0.058760114014149 
0.020724302157760 
0.004915200173855 
-0.068570032715797 
-0.180697917938232 
-0.312281668186188 
-0.398082584142685 
-0.375315874814987 
-0.227265045046806 
0.000000000000000 
0.221787974238396 
l=4 j=2 
0.000000000000040 
0.241452157497406 
0.369043737649918 
0.357267141342163 
0.257579445838928 
0.142479583621025 
0.058760114014149 
0.015927068889141 
0.148128211498261 
0.312281668186188 
0.397535413503647 
0.307127386331558 
0.057912494987249 
-0.210406541824341 
-0.332681953907013 
-0.239558398723602 
l=4 j=3 
-0.306880354881287 
-0.126273781061173 
0.154733687639237 
0.344833880662918 
0.362675309181213 
0.257579445838928 
0.128408133983612 
0.040606215596199 
-0.251769542694092 
-0.398082584142685 
-0.307127386331558 
-0.004015509039164 
0.272581785917282 
0.288848847150803 
0.043496198952198 
-0.234906330704689 
l=5 j=0 
0.443148523569107 
0.390820264816284 
0.302728086709976 
0.204099223017693 
0.117836743593216 
0.056606940925121 
0.021395413205028 
0.005524271633476 
0.005524271633476 
0.021395413205028 
0.056606940925121 
0.117836743593216 
0.204099223017693 
0.302728086709976 
0.390820264816284 
0.443148523569107 
l=5 j=1 
0.114420458674431 
0.302728086709976 
0.390820264816284 
0.368887364864349 
0.273827850818634 
0.160774335265160 
0.071815535426140 
0.021395413205028 
-0.021395413205028 
-0.071815535426140 
-0.160774335265160 
-0.273827850818634 
-0.368887364864349 
-0.390820264816284 
-0.302728086709976 
-0.114420458674431 
l=5 j=2 
-0.302728086709976 
-0.114420458674431 
0.147716179490089 
0.338606774806976 
0.379489719867706 
0.292786389589310 
0.160774335265160 
0.056606940925121 
0.056606940925121 
0.160774335265160 
0.292786389589310 
0.379489719867706 
0.338606774806976 
0.147716179490089 
-0.114420458674431 
-0.302728086709976 
l=5 j=3 
-0.145425856113434 
-0.311472922563553 
-0.212881669402123 
0.066978238523006 
0.314883500337601 
0.379489719867706 
0.273827850818634 
0.117836743593216 
-0.117836743593216 
-0.273827850818634 
-0.379489719867706 
-0.314883500337601 
-0.066978238523006 
0.212881669402123 
0.311472922563553 
0.145425856113434 
l=6 j=0 
0.420813083648682 
0.454530090093613 
0.431205093860626 
0.356055885553360 
0.251769542694092 
0.148128211498261 
0.068570032715797 
0.021683748811483 
0.001036215107888 
0.004915200173855 
0.015927068889141 
0.040606215596199 
0.086138792335987 
0.156478881835938 
0.247414842247963 
0.343592464923859 
l=6 j=1 
-0.221787974238396 
0.000000000000000 
0.227265045046806 
0.375315874814987 
0.398082584142685 
0.312281668186188 
0.180697917938232 
0.068570032715797 
-0.004915200173855 
-0.020724302157760 
-0.058760114014149 
-0.128408133983612 
-0.226995646953583 
-0.329886466264725 
-0.391197204589844 
-0.362178236246109 
l=6 j=2 
-0.239558398723602 
-0.332681953907013 
-0.210406541824341 
0.057912494987249 
0.307127386331558 
0.397535413503647 
0.312281668186188 
0.148128211498261 
0.015927068889141 
0.058760114014149 
0.142479583621025 
0.257579445838928 
0.357267141342163 
0.369043737649918 
0.241452157497406 
-0.000000000000110 
l=6 j=3 
0.234906330704689 
-0.043496198952198 
-0.288848847150803 
-0.272581785917282 
0.004015509039164 
0.307127386331558 
0.398082584142685 
0.251769542694092 
-0.040606215596199 
-0.128408133983612 
-0.257579445838928 
-0.362675309181213 
-0.344833880662918 
-0.154733687639237 
0.126273781061173 
0.306880354881287 
l=7 j=0 
0.284833341836929 
0.383713424205780 
0.454015851020813 
0.467571526765823 
0.412359327077866 
0.302589029073715 
0.174699857831001 
0.068902552127838 
0.000119786920550 
0.000708669016603 
0.002864051610231 
0.009107103571296 
0.024095131084323 
0.054592005908489 
0.107656881213188 
0.186467200517654 
l=7 j=1 
-0.401213526725769 
-0.324297040700913 
-0.127904474735260 
0.131723359227181 
0.348507225513458 
0.426223993301392 
0.344512760639191 
0.174699857831001 
-0.000708669016603 
-0.003793252632022 
-0.013716537505388 
-0.038484536111355 
-0.088244445621967 
-0.169175103306770 
-0.272960007190704 
-0.367718279361725 
l=7 j=2 
0.138984441757202 
-0.133737847208977 
-0.327030867338181 
-0.293337702751160 
-0.028744392096996 
0.288265764713287 
0.426223993301392 
0.302589029073715 
0.002864051610231 
0.013716537505388 
0.043722227215767 
0.106016650795937 
0.204351693391800 
0.315852582454681 
0.382727175951004 
0.333617806434631 
l=7 j=3 
0.257394999265671 
0.307495146989822 
0.074093677103519 
-0.244862273335457 
-0.318398088216782 
-0.028744392096996 
0.348507225513458 
0.412359327077866 
-0.009107103571296 
-0.038484536111355 
-0.106016650795937 
-0.215594276785851 
-0.332244515419006 
-0.375383585691452 
-0.263538002967835 
-0.003179331775755 
l=8 j=0 
0.117554485797882 
0.207346618175507 
0.321220010519028 
0.433132976293564 
0.500138878822327 
0.480517894029617 
0.363237380981445 
0.187574982643127 
0.000005724334187 
0.000044340500608 
0.000234627877944 
0.000976833747700 
0.003383851377293 
0.010038125328720 
0.025918327271938 
0.058777242898941 
l=8 j=1 
-0.303524374961853 
-0.401525020599365 
-0.414693236351013 
-0.279586136341095 
0.000000000000000 
0.310172975063324 
0.468937456607819 
0.363237380981445 
-0.000044340500608 
-0.000314838369377 
-0.001514516421594 
-0.005674891173840 
-0.017474133521318 
-0.045357074588537 
-0.100381255149841 
-0.189702734351158 
l=8 j=2 
0.401525020599365 
0.303524374961853 
0.039184827357531 
-0.264184057712555 
-0.366064161062241 
-0.117234364151955 
0.310172975063324 
0.480517894029617 
0.000234627877944 
0.001514516421594 
0.006554362364113 
0.021806556731462 
0.058615837246180 
0.129799738526344 
0.237128421664238 
0.351334393024445 
l=8 j=3 
-0.192886382341385 
0.121506996452808 
0.338828086853027 
0.215746864676476 
-0.175851538777351 
-0.366064161062241 
0.000000000000000 
0.500138878822327 
-0.000976833747700 
-0.005674891173840 
-0.021806556731462 
-0.063282512128353 
-0.144756630063057 
-0.262944728136063 
-0.370596349239349 
-0.373717367649078 
l=9 j=0 
0.016643486917019 
0.044034525752068 
0.102326996624470 
0.206966534256935 
0.358476549386978 
0.516619682312012 
0.585791647434235 
0.453752279281616 
0.000000031622776 
0.000000367423468 
0.000002916333415 
0.000018212494979 
0.000094634902780 
0.000421098724473 
0.001630908343941 
0.005547828972340 
l=9 j=1 
-0.078784376382828 
-0.170544981956482 
-0.308241695165634 
-0.445321083068848 
-0.462791234254837 
-0.222317725419998 
0.252084612846375 
0.585791647434235 
-0.000000367423468 
-0.000003952847237 
-0.000028864771593 
-0.000164585610037 
-0.000773763167672 
-0.003080604830757 
-0.010527468286455 
-0.031036270782351 
l=9 j=2 
0.221076831221581 
0.365273028612137 
0.449374139308929 
0.325410068035126 
-0.058306217193604 
-0.420141011476517 
-0.222317725419998 
0.516619682312012 
0.000002916333415 
0.000028864771593 
0.000192424602574 
0.000992357963696 
0.004171331878752 
0.014634395949543 
0.043238565325737 
0.107380181550980 
l=9 j=3 
-0.393452674150467 
-0.420902192592621 
-0.194551631808281 
0.221006870269775 
0.389019459486008 
-0.058306217193604 
-0.462791234254837 
0.358476549386978 
-0.000018212494979 
-0.000164585610037 
-0.000992357963696 
-0.004574709106237 
-0.016933664679527 
-0.051287461072207 
-0.127246215939522 
-0.254547357559204 
