l=1 j=0 A.x 
0.143270477652550 
-0.087773866951466 
0.022096773609519 
-0.005934168118984 
0.006575574167073 
-0.008357558399439 
0.009442654438317 
-0.009985529817641 
0.010149584151804 
-0.009985525161028 
0.009442650713027 
-0.008357557468116 
0.006575571373105 
-0.005934163462371 
0.022096762433648 
-0.087773852050304 
l=1 j=0 A.y 
0.000000000000000 
0.078665457665920 
-0.066112346947193 
0.035497643053532 
-0.019658612087369 
0.011848132126033 
-0.006986611522734 
0.003278875956312 
0.000000000000000 
-0.003278872231022 
0.006986612919718 
-0.011848132126033 
0.019658612087369 
-0.035497639328241 
0.066112346947193 
-0.078665465116501 
l=1 j=1 A.x 
-0.055983792990446 
-0.052434053272009 
0.103819288313389 
-0.057750307023525 
0.031576063483953 
-0.023657357320189 
0.021210839971900 
-0.020365260541439 
0.020149102434516 
-0.020365266129375 
0.021210841834545 
-0.023657351732254 
0.031576059758663 
-0.057750299572945 
0.103819295763969 
-0.052434075623751 
l=1 j=1 A.y 
0.000000000000000 
-0.085126459598541 
-0.003866045270115 
0.039633188396692 
-0.029727270826697 
0.018440479412675 
-0.010722227394581 
0.004969952628016 
0.000000000000000 
-0.004969950299710 
0.010722218081355 
-0.018440473824739 
0.029727270826697 
-0.039633192121983 
0.003866054350510 
0.085126452147961 
l=1 j=2 A.x 
0.084226869046688 
0.050115678459406 
0.002980240387842 
-0.078839063644409 
0.061912938952446 
-0.043028287589550 
0.034219432622194 
-0.030558219179511 
0.029547831043601 
-0.030558217316866 
0.034219436347485 
-0.043028283864260 
0.061912935227156 
-0.078839063644409 
0.002980255754665 
0.050115693360567 
l=1 j=2 A.y 
0.000000000000000 
0.038468573242426 
0.088120892643929 
-0.035166591405869 
-0.006471408996731 
0.011531380936503 
-0.008230168372393 
0.004062103107572 
0.000000000000000 
-0.004062107298523 
0.008230169303715 
-0.011531382799149 
0.006471408996731 
0.035166576504707 
-0.088120892643929 
-0.038468554615974 
l=1 j=3 A.x 
-0.063579104840755 
-0.074279598891735 
-0.058298889547586 
0.013202724978328 
0.053188860416412 
-0.053262770175934 
0.044236022979021 
-0.038916315883398 
0.037291713058949 
-0.038916312158108 
0.044236019253731 
-0.053262777626514 
0.053188867866993 
0.013202701695263 
-0.058298896998167 
-0.074279606342316 
l=1 j=3 A.y 
0.000000000000000 
-0.009976874105632 
-0.035865906625986 
-0.080176234245300 
0.047762271016836 
-0.014169865287840 
0.003068246180192 
-0.000365883199265 
0.000000000000000 
0.000365889427485 
-0.003068233141676 
0.014169863425195 
-0.047762271016836 
0.080176249146461 
0.035865891724825 
0.009976856410503 
l=2 j=0 A.x 
0.169381394982338 
-0.036574866622686 
-0.025800148025155 
0.008474021218717 
-0.001092809136026 
-0.001311918138526 
0.002330454764888 
-0.002786688739434 
0.002919732593000 
-0.002786681754515 
0.002330451738089 
-0.001311919884756 
-0.001092809950933 
0.008474023081362 
-0.025800155475736 
-0.036574836820364 
l=2 j=0 A.y 
0.000000000000000 
0.115061528980732 
-0.037747103720903 
0.009650972671807 
-0.005595462862402 
0.003762450302020 
-0.002351468894631 
0.001133974874392 
0.000000000000000 
-0.001133974059485 
0.002351473784074 
-0.003762453095987 
0.005595462862402 
-0.009650968946517 
0.037747099995613 
-0.115061528980732 
l=2 j=1 A.x 
-0.038590297102928 
-0.128700047731400 
0.050713017582893 
0.002876362064853 
0.001581100164913 
-0.005106859840453 
0.006636451464146 
-0.007304475642741 
0.007496505510062 
-0.007304478436708 
0.006636448670179 
-0.005106859374791 
0.001581097603776 
0.002876361599192 
0.050712998956442 
-0.128700062632561 
l=2 j=1 A.y 
0.000000000000000 
-0.035628963261843 
-0.088991694152355 
0.039915192872286 
-0.017086954787374 
0.009713875129819 
-0.005659726448357 
0.002647547284141 
0.000000000000000 
-0.002647538902238 
0.005659725051373 
-0.009713869541883 
0.017086954787374 
-0.039915181696415 
0.088991694152355 
0.035628937184811 
l=2 j=2 A.x 
0.099651932716370 
0.046082124114037 
0.120648346841335 
-0.050893869251013 
0.016991907730699 
-0.013783170841634 
0.013630371540785 
-0.013700969517231 
0.013732948340476 
-0.013700971379876 
0.013630375266075 
-0.013783161528409 
0.016991904005408 
-0.050893850624561 
0.120648354291916 
0.046082120388746 
l=2 j=2 A.y 
0.000000000000000 
-0.026737701147795 
0.027456331998110 
0.057070214301348 
-0.031170578673482 
0.016462177038193 
-0.009102868847549 
0.004151897504926 
0.000000000000000 
-0.004151904955506 
0.009102855809033 
-0.016462178900838 
0.031170578673482 
-0.057070225477219 
-0.027456318959594 
0.026737721636891 
l=2 j=3 A.x 
-0.050146069377661 
-0.067549243569374 
-0.026414997875690 
-0.100867278873920 
0.049503918737173 
-0.028720702975988 
0.023159638047218 
-0.021326834335923 
0.020859703421593 
-0.021326834335923 
0.023159636184573 
-0.028720706701279 
0.049503915011883 
-0.100867278873920 
-0.026414982974529 
-0.067549236118793 
l=2 j=3 A.y 
0.000000000000000 
0.041804973036051 
0.082542657852173 
-0.013939943164587 
-0.028806036338210 
0.018811902031302 
-0.010562467388809 
0.004799469374120 
0.000000000000000 
-0.004799461457878 
0.010562470182776 
-0.018811892718077 
0.028806036338210 
0.013939930126071 
-0.082542657852173 
-0.041804976761341 
l=3 j=0 A.x 
0.183393478393555 
0.027387300506234 
-0.028240187093616 
0.002956129377708 
-0.000597170961555 
-0.000193663610844 
0.000576577789616 
-0.000758626556490 
0.000812954385765 
-0.000758619513363 
0.000576576625463 
-0.000193664091057 
-0.000597171136178 
0.002956133801490 
-0.028240188956261 
0.027387330308557 
l=3 j=0 A.y 
0.000000000000000 
0.113423794507980 
0.002719995798543 
-0.000533045735210 
-0.001114314887673 
0.001001802389510 
-0.000685133622028 
0.000342534010997 
0.000000000000000 
-0.000342537940014 
0.000685136881657 
-0.001001807744615 
0.001114314887673 
0.000533043988980 
-0.002719999058172 
-0.113423787057400 
l=3 j=1 A.x 
-0.023909291252494 
-0.146336466073990 
-0.037734750658274 
0.014041360467672 
-0.001796137657948 
-0.000888477195986 
0.001952607766725 
-0.002420945791528 
0.002556668128818 
-0.002420943696052 
0.001952602877282 
-0.000888482783921 
-0.001796138356440 
0.014041351154447 
-0.037734765559435 
-0.146336451172829 
l=3 j=1 A.y 
0.000000000000000 
0.046601761132479 
-0.075256958603859 
0.006324062589556 
-0.004474444780499 
0.003302499419078 
-0.002114552771673 
0.001028249505907 
0.000000000000000 
-0.001028237747960 
0.002114560222253 
-0.003302494063973 
0.004474444780499 
-0.006324050948024 
0.075256951153278 
-0.046601790934801 
l=3 j=2 A.x 
0.111005075275898 
-0.001302271382883 
0.098250076174736 
0.017400741577148 
-0.002200704533607 
-0.002927256748080 
0.004690916743129 
-0.005414017476141 
0.005617783404887 
-0.005414020735770 
0.004690915811807 
-0.002927249995992 
-0.002200706629083 
0.017400752753019 
0.098250061273575 
-0.001302286400460 
l=3 j=2 A.y 
0.000000000000000 
-0.063267156481743 
-0.095022194087505 
0.042038083076477 
-0.013011670671403 
0.007590386550874 
-0.004504738841206 
0.002123734215274 
0.000000000000000 
-0.002123738173395 
0.004504731856287 
-0.007590388413519 
0.013011670671403 
-0.042038075625896 
0.095022194087505 
0.063267156481743 
l=3 j=3 A.x 
-0.033481400460005 
-0.041976179927588 
0.099245719611645 
-0.043807119131088 
0.005240053869784 
-0.008076932281256 
0.009458835236728 
-0.010024453513324 
0.010182155296206 
-0.010024451650679 
0.009458839893341 
-0.008076928555965 
0.005240049213171 
-0.043807100504637 
0.099245741963387 
-0.041976165026426 
l=3 j=3 A.y 
0.000000000000000 
0.060992859303951 
0.076632700860500 
0.078529454767704 
-0.028462562710047 
0.013651523739100 
-0.007509633433074 
0.003431918099523 
0.000000000000000 
-0.003431918798015 
0.007509620394558 
-0.013651523739100 
0.028462562710047 
-0.078529462218285 
-0.076632685959339 
-0.060992851853371 
l=4 j=0 A.x 
0.190554082393646 
0.080895587801933 
-0.004047865048051 
-0.000217710476136 
-0.000132129309350 
-0.000022528447516 
0.000124624071759 
-0.000178188754944 
0.000194750362425 
-0.000178183559910 
0.000124624610180 
-0.000022526151952 
-0.000132129338454 
-0.000217702152440 
-0.004047861788422 
0.080895610153675 
l=4 j=0 A.y 
0.000000000000000 
0.078522570431232 
0.019183035939932 
-0.000196297900402 
-0.000209963269299 
0.000232298451010 
-0.000171738880454 
0.000088734130259 
0.000000000000000 
-0.000088742555818 
0.000171738633071 
-0.000232305465033 
0.000209963269299 
0.000196292588953 
-0.019183035939932 
-0.078522548079491 
l=4 j=1 A.x 
-0.011415009386837 
-0.108040757477284 
-0.068112030625343 
0.001254670321941 
-0.000523211725522 
-0.000169806560734 
0.000547539442778 
-0.000731188920327 
0.000786315766163 
-0.000731182517484 
0.000547536648810 
-0.000169813763932 
-0.000523211841937 
0.001254662754945 
-0.068112030625343 
-0.108040727674961 
l=4 j=1 A.y 
0.000000000000000 
0.121879413723946 
-0.001025199657306 
-0.003478404600173 
-0.000851365795825 
0.000895124336239 
-0.000635251053609 
0.000321958854329 
0.000000000000000 
-0.000321949599311 
0.000635259028058 
-0.000895121775102 
0.000851365795825 
0.003478410188109 
0.001025191624649 
-0.121879436075687 
l=4 j=2 A.x 
0.117677971720696 
-0.053899865597487 
-0.022232005372643 
0.018977232277393 
-0.001814820920117 
-0.000376004667487 
0.001311553991400 
-0.001733399927616 
0.001856711925939 
-0.001733402605169 
0.001311547704972 
-0.000376004667487 
-0.001814821385778 
0.018977224826813 
-0.022232033312321 
-0.053899884223938 
l=4 j=2 A.y 
0.000000000000000 
-0.056207742542028 
-0.131750673055649 
-0.004584137350321 
-0.002815230283886 
0.002538076136261 
-0.001688037649728 
0.000831225072034 
0.000000000000000 
-0.000831220939290 
0.001688045449555 
-0.002538073109463 
0.002815230283886 
0.004584145266563 
0.131750658154488 
0.056207727640867 
l=4 j=3 A.x 
-0.016544250771403 
-0.022092243656516 
0.145590752363205 
0.042140956968069 
-0.003568536136299 
-0.001934202853590 
0.003647622885183 
-0.004336825106293 
0.004529521334916 
-0.004336820449680 
0.003647625911981 
-0.001934198895469 
-0.003568537300453 
0.042140968143940 
0.145590752363205 
-0.022092228755355 
l=4 j=3 A.y 
0.000000000000000 
0.061223559081554 
-0.043941948562860 
0.042541243135929 
-0.007777895778418 
0.005474559031427 
-0.003404706949368 
0.001633503590710 
0.000000000000000 
-0.001633507665247 
0.003404692281038 
-0.005474566016346 
0.007777895778418 
-0.042541231960058 
0.043941959738731 
-0.061223555356264 
l=5 j=0 A.x 
0.192769929766655 
0.109105922281742 
0.015859097242355 
0.000258082232904 
-0.000058870300563 
0.000037849265937 
-0.000016995350961 
0.000004194607754 
0.000000000000000 
0.000004196736427 
-0.000016994497855 
0.000037853944377 
-0.000058870307839 
0.000258091953583 
0.015859099105001 
0.109105937182903 
l=5 j=0 A.y 
0.000000000000000 
0.021702524274588 
0.006569054443389 
0.000172445084900 
-0.000058870304201 
0.000056645443692 
-0.000041030420107 
0.000021087735149 
0.000000000000000 
-0.000021098410798 
0.000041028339183 
-0.000056652414059 
0.000058870304201 
-0.000172451487742 
-0.006569052115083 
-0.021702501922846 
l=5 j=1 A.x 
0.000000000000000 
-0.032277252525091 
-0.023814724758267 
-0.001112164463848 
0.000072990311310 
-0.000215575462789 
0.000304150744341 
-0.000348997768015 
0.000362635415513 
-0.000348988687620 
0.000304151995806 
-0.000215579959331 
0.000072990304034 
-0.001112163648941 
-0.023814715445042 
-0.032277211546898 
l=5 j=1 A.y 
0.000000000000000 
0.162268653512001 
0.057493824511766 
0.001664471230470 
-0.000072990304034 
0.000144042889588 
-0.000125983322505 
0.000069419911597 
0.000000000000000 
-0.000069418194471 
0.000125983904582 
-0.000144045960042 
0.000072990304034 
-0.001664470881224 
-0.057493824511766 
-0.162268638610840 
l=5 j=2 A.x 
0.119853973388672 
-0.082118593156338 
-0.120295472443104 
-0.008324273861945 
-0.000930069014430 
0.000553935009521 
-0.000231720085139 
0.000055191743741 
0.000000000000002 
0.000055190092098 
-0.000231726706261 
0.000553930993192 
-0.000930069130845 
-0.008324282243848 
-0.120295487344265 
-0.082118600606918 
l=5 j=2 A.y 
0.000000000000000 
-0.016334410756826 
-0.049828022718430 
-0.005562103353441 
-0.000930069072638 
0.000829022552352 
-0.000559421896469 
0.000277467857813 
0.000000000000000 
-0.000277459213976 
0.000559437670745 
-0.000829016149510 
0.000930069072638 
0.005562106613070 
0.049828007817268 
0.016334392130375 
l=5 j=3 A.x 
0.000000000000004 
-0.011870202608407 
0.061403609812260 
0.023420916870236 
0.000517920707352 
-0.001918674679473 
0.002492389176041 
-0.002734763314947 
0.002803497016430 
-0.002734758425504 
0.002492385450751 
-0.001918676658534 
0.000517920649145 
0.023420907557011 
0.061403583735228 
-0.011870188638568 
l=5 j=3 A.y 
0.000000000000000 
0.059675518423319 
-0.148241400718689 
-0.035051867365837 
-0.000517920649145 
0.001282017095946 
-0.001032381085679 
0.000543977774214 
0.000000000000000 
-0.000543977483176 
0.001032380037941 
-0.001282019191422 
0.000517920649145 
0.035051874816418 
0.148241400718689 
-0.059675522148609 
l=6 j=0 A.x 
0.190554082393646 
0.104787066578865 
0.010702184401453 
-0.000264669768512 
-0.000209963254747 
0.000223237031605 
-0.000209560239455 
0.000198582012672 
-0.000194750362425 
0.000198580455617 
-0.000209560457733 
0.000223242663196 
-0.000209963283851 
-0.000264661735855 
0.010702181607485 
0.104787059128285 
l=6 j=0 A.y 
0.000000000000000 
-0.041587982326746 
-0.016426727175713 
-0.000126018363517 
-0.000132129323902 
0.000068083245424 
-0.000033315242035 
0.000013789825971 
0.000000000000000 
-0.000013799510270 
0.000033314616303 
-0.000068087945692 
0.000132129323902 
0.000126012571855 
0.016426727175713 
0.041588004678488 
l=6 j=1 A.x 
0.011415009386837 
0.053175386041403 
0.048887398093939 
0.002733485773206 
0.000851365737617 
-0.000891969131771 
0.000836359162349 
-0.000798738794401 
0.000786315766163 
-0.000798729364760 
0.000836362829432 
-0.000891969655640 
0.000851365795825 
0.002733492758125 
0.048887409269810 
0.053175427019596 
l=6 j=1 A.y 
0.000000000000000 
0.153947308659554 
0.047437559813261 
-0.002490291371942 
0.000523211783729 
-0.000185668628546 
0.000062021616031 
-0.000017637574274 
0.000000000000000 
0.000017631102310 
-0.000062028972025 
0.000185660581337 
-0.000523211783729 
0.002490287646651 
-0.047437552362680 
-0.153947293758392 
l=6 j=2 A.x 
0.117677971720696 
-0.071306757628918 
-0.108882203698158 
0.003027076600119 
-0.002815230283886 
0.002488767262548 
-0.002121031517163 
0.001919548725709 
-0.001856711925939 
0.001919549657032 
-0.002121032681316 
0.002488764701411 
-0.002815230516717 
0.003027075901628 
-0.108882196247578 
-0.071306757628918 
l=6 j=2 A.y 
0.000000000000000 
0.031302586197853 
0.077441379427910 
0.019286951050162 
-0.001814821152948 
0.000623897241894 
-0.000266214599833 
0.000104609025584 
0.000000000000000 
-0.000104603299405 
0.000266223942162 
-0.000623894855380 
0.001814821152948 
-0.019286945462227 
-0.077441386878490 
-0.031302597373724 
l=6 j=3 A.x 
0.016544250771403 
-0.003018677467480 
-0.071876540780067 
-0.055429626256227 
0.007777895778418 
-0.005798020400107 
0.004986750427634 
-0.004631818737835 
0.004529521334916 
-0.004631815943867 
0.004986742045730 
-0.005798025522381 
0.007777896244079 
-0.055429629981518 
-0.071876570582390 
-0.003018661169335 
l=6 j=3 A.y 
0.000000000000000 
0.065017528831959 
-0.134019866585732 
-0.022653352469206 
0.003568536834791 
-0.000308053859044 
-0.000171766645508 
0.000150469059008 
0.000000000000000 
-0.000150465668412 
0.000171780659002 
0.000308057467919 
-0.003568536834791 
0.022653339430690 
0.134019851684570 
-0.065017521381378 
l=7 j=0 A.x 
0.183393478393555 
0.068707987666130 
-0.018045498058200 
0.000638791010715 
-0.001114314887673 
0.000999656622298 
-0.000892164709512 
0.000831961631775 
-0.000812954385765 
0.000831956684124 
-0.000892166222911 
0.000999661744572 
-0.001114315004088 
0.000638795667328 
-0.018045503646135 
0.068707965314388 
l=7 j=0 A.y 
0.000000000000000 
-0.094309248030186 
-0.021892158314586 
0.002935095457360 
-0.000597171019763 
0.000204451556783 
-0.000076760748925 
0.000026146635719 
0.000000000000000 
-0.000026152554710 
0.000076763564721 
-0.000204452677281 
0.000597171019763 
-0.002935098484159 
0.021892154589295 
0.094309255480766 
l=7 j=1 A.x 
0.023909291252494 
0.117363527417183 
0.079897202551365 
-0.011216065846384 
0.004474444780499 
-0.003391117090359 
0.002875916659832 
-0.002630156464875 
0.002556668128818 
-0.002630149712786 
0.002875918755308 
-0.003391114529222 
0.004474445246160 
-0.011216056533158 
0.079897202551365 
0.117363557219505 
l=7 j=1 A.y 
0.000000000000000 
0.099054969847202 
-0.026532197371125 
-0.010552414692938 
0.001796138007194 
-0.000442966644187 
0.000114513008157 
-0.000023523709388 
0.000000000000000 
0.000023512468033 
-0.000114520866191 
0.000442957883934 
-0.001796138007194 
0.010552405379713 
0.026532204821706 
-0.099054940044880 
l=7 j=2 A.x 
0.111005075275898 
-0.025414442643523 
0.002282443689182 
0.045497100800276 
-0.013011670671403 
0.008132815361023 
-0.006502310279757 
0.005814617965370 
-0.005617783404887 
0.005814622156322 
-0.006502304691821 
0.008132814429700 
-0.013011670671403 
0.045497097074986 
0.002282470231876 
-0.025414429605007 
l=7 j=2 A.y 
0.000000000000000 
0.057952873408794 
0.136664137244225 
-0.000011076311239 
-0.002200705697760 
0.000200284193852 
0.000131646491354 
-0.000109778331534 
0.000000000000000 
0.000109778440674 
-0.000131652763230 
-0.000200287482585 
0.002200705697760 
0.000011085812730 
-0.136664122343063 
-0.057952877134085 
l=7 j=3 A.x 
0.033481400460005 
0.015439966693521 
-0.124364823102951 
-0.055787518620491 
0.028462562710047 
-0.015703272074461 
0.011998519301414 
-0.010574725456536 
0.010182155296206 
-0.010574723593891 
0.011998512782156 
-0.015703268349171 
0.028462560847402 
-0.055787496268749 
-0.124364830553532 
0.015439988113940 
l=7 j=3 A.y 
0.000000000000000 
0.072413645684719 
-0.015989834442735 
0.070524409413338 
-0.005240051541477 
0.002237897133455 
-0.001378291286528 
0.000665509782266 
0.000000000000000 
-0.000665513449349 
0.001378307584673 
-0.002237900858745 
0.005240051541477 
-0.070524416863918 
0.015989817678928 
-0.072413623332977 
l=8 j=0 A.x 
0.169381394982338 
0.010241386480629 
-0.044934693723917 
0.012159202247858 
-0.005595462862402 
0.003978100139648 
-0.003310620086268 
0.003008518135175 
-0.002919732593000 
0.003008511383086 
-0.003310621250421 
0.003978103399277 
-0.005595463328063 
0.012159201316535 
-0.044934693723917 
0.010241356678307 
l=8 j=0 A.y 
0.000000000000000 
-0.120299585163593 
0.008447770029306 
0.004135710652918 
-0.001092809601687 
0.000227773954975 
-0.000014859935618 
-0.000018762439140 
0.000000000000000 
0.000018761907995 
0.000014864406694 
-0.000227771568461 
0.001092809601687 
-0.004135708324611 
-0.008447773754597 
0.120299577713013 
l=8 j=1 A.x 
0.038590297102928 
0.132537946105003 
0.027067122980952 
-0.037977568805218 
0.017086954787374 
-0.010928761214018 
0.008694711141288 
-0.007761628367007 
0.007496505510062 
-0.007761627435684 
0.008694707415998 
-0.010928755626082 
0.017086954787374 
-0.037977553904057 
0.027067104354501 
0.132537961006165 
l=8 j=1 A.y 
0.000000000000000 
0.016334524378181 
-0.098786145448685 
0.012617461383343 
-0.001581098884344 
0.001000781776384 
-0.000690647400916 
0.000349284498952 
0.000000000000000 
-0.000349296868080 
0.000690649088938 
-0.001000788761303 
0.001581098884344 
-0.012617475353181 
0.098786145448685 
-0.016334490850568 
l=8 j=2 A.x 
0.099651932716370 
0.032342247664928 
0.104725815355778 
0.033249780535698 
-0.031170580536127 
0.020483661442995 
-0.016074828803539 
0.014246908016503 
-0.013732948340476 
0.014246912673116 
-0.016074821352959 
0.020483657717705 
-0.031170578673482 
0.033249765634537 
0.104725830256939 
0.032342258840799 
l=8 j=2 A.y 
0.000000000000000 
0.042337283492088 
0.065896712243557 
-0.068859621882439 
0.016991905868053 
-0.006434182636440 
0.003201424609870 
-0.001407276256941 
0.000000000000000 
0.001407276489772 
-0.003201441373676 
0.006434183102101 
-0.016991905868053 
0.068859621882439 
-0.065896697342396 
-0.042337287217379 
l=8 j=3 A.x 
0.050146069377661 
0.046409282833338 
-0.039688255637884 
0.051479041576386 
0.028806040063500 
-0.028370872139931 
0.023845130577683 
-0.021540105342865 
0.020859703421593 
-0.021540099754930 
0.023845128715038 
-0.028370857238770 
0.028806032612920 
0.051479071378708 
-0.039688244462013 
0.046409305185080 
l=8 j=3 A.y 
0.000000000000000 
0.064472742378712 
0.077044688165188 
0.087854638695717 
-0.049503915011883 
0.019335461780429 
-0.008907539770007 
0.003727287985384 
0.000000000000000 
-0.003727304749191 
0.008907544426620 
-0.019335478544235 
0.049503915011883 
-0.087854623794556 
-0.077044695615768 
-0.064472720026970 
l=9 j=0 A.x 
0.143270477652550 
-0.050988499075174 
-0.031123720109463 
0.030524643138051 
-0.019658612087369 
0.014144546352327 
-0.011617245152593 
0.010480198077857 
-0.010149584151804 
0.010480192489922 
-0.011617243289948 
0.014144544489682 
-0.019658612087369 
0.030524631962180 
-0.031123708933592 
-0.050988528877497 
l=9 j=0 A.y 
0.000000000000000 
-0.106267020106316 
0.062373265624046 
-0.019066808745265 
0.006575572770089 
-0.003187289927155 
0.001736682141200 
-0.000792007078417 
0.000000000000000 
0.000792013655882 
-0.001736682374030 
0.003187296446413 
-0.006575572770089 
0.019066816195846 
-0.062373265624046 
0.106266997754574 
l=9 j=1 A.x 
0.055983792990446 
0.081019245088100 
-0.070677608251572 
-0.014516224153340 
0.029727272689343 
-0.026090063154697 
0.022580090910196 
-0.020716967061162 
0.020149102434516 
-0.020716968923807 
0.022580081596971 
-0.026090050116181 
0.029727268964052 
-0.014516198076308 
-0.070677630603313 
0.081019237637520 
l=9 j=1 A.y 
0.000000000000000 
-0.058580938726664 
-0.076145038008690 
0.068521291017532 
-0.031576063483953 
0.014799676835537 
-0.007416565436870 
0.003201803658158 
0.000000000000000 
-0.003201817627996 
0.007416579406708 
-0.014799686148763 
0.031576063483953 
-0.068521291017532 
0.076145023107529 
0.058580964803696 
l=9 j=2 A.x 
0.084226869046688 
0.061022140085697 
0.064418233931065 
-0.062660083174706 
-0.006471413653344 
0.027119826525450 
-0.030016405507922 
0.029786616563797 
-0.029547831043601 
0.029786610975862 
-0.030016399919987 
0.027119811624289 
-0.006471403874457 
-0.062660098075867 
0.064418226480484 
0.061022136360407 
l=9 j=2 A.y 
0.000000000000000 
-0.016361881047487 
-0.060203526169062 
-0.059380140155554 
0.061912938952446 
-0.035340078175068 
0.018377179279923 
-0.007941220887005 
0.000000000000000 
0.007941229268909 
-0.018377188593149 
0.035340089350939 
-0.061912938952446 
0.059380117803812 
0.060203533619642 
0.016361884772778 
l=9 j=3 A.x 
0.063579104840755 
0.072443380951881 
0.066584564745426 
0.069020725786686 
-0.047762267291546 
-0.007291542831808 
0.029110021889210 
-0.035813976079226 
0.037291713058949 
-0.035813964903355 
0.029110016301274 
-0.007291521877050 
-0.047762274742126 
0.069020725786686 
0.066584564745426 
0.072443388402462 
l=9 j=3 A.y 
0.000000000000000 
0.019208151847124 
0.015862520784140 
-0.042879827320576 
-0.053188864141703 
0.054630953818560 
-0.033449165523052 
0.015230649150908 
0.000000000000000 
-0.015230670571327 
0.033449161797762 
-0.054630964994431 
0.053188864141703 
0.042879842221737 
-0.015862517058849 
-0.019208136945963 
