l=1 j=0 
0.000078662924352 
0.000024630317057 
0.000007240632840 
0.000001996411811 
0.000000515471356 
0.000000124356916 
0.000000027947140 
0.000000005827381 
0.000000001121480 
0.000000000197810 
0.000000000031675 
0.000000000004544 
0.000000000000572 
0.000000000000061 
0.000000000000005 
0.000000000000000 
0.195325478911400 
0.362508744001389 
0.467996776103973 
0.485020369291306 
0.427747756242752 
0.331331998109818 
0.229907512664795 
0.144828125834465 
0.083616554737091 
0.044556766748428 
0.022029455751181 
0.010146021842957 
0.004366152919829 
0.001759473816492 
0.000665018567815 
0.000235988787608 
l=1 j=1 
0.000607515976299 
0.000204966418096 
0.000064589316025 
0.000019004006390 
0.000005215417787 
0.000001332664738 
0.000000316225623 
0.000000069426363 
0.000000014032523 
0.000000002593530 
0.000000000434261 
0.000000000065012 
0.000000000008533 
0.000000000000952 
0.000000000000085 
0.000000000000005 
-0.362508744001389 
-0.455759435892105 
-0.308200567960739 
-0.029037410393357 
0.230477303266525 
0.376890212297440 
0.399161875247955 
0.338154673576355 
0.245293617248535 
0.157385095953941 
0.091001957654953 
0.047986689954996 
0.023264130577445 
0.010428356938064 
0.004339684732258 
0.001681265188381 
l=1 j=2 
0.003106799907982 
0.001137761748396 
0.000386702391552 
0.000122053126688 
0.000035763652704 
0.000009717250578 
0.000002442993036 
0.000000566449614 
0.000000120570476 
0.000000023407056 
0.000000004107191 
0.000000000642998 
0.000000000088089 
0.000000000010235 
0.000000000000952 
0.000000000000061 
0.467996776103973 
0.308200567960739 
-0.084399901330471 
-0.337384223937988 
-0.297544926404953 
-0.059753373265266 
0.195464596152306 
0.347005903720856 
0.372682839632034 
0.313384383916855 
0.223047479987145 
0.139323398470879 
0.077953062951565 
0.039572916924953 
0.018383767455816 
0.007861237041652 
l=1 j=3 
0.012041646055877 
0.004831000231206 
0.001784370397218 
0.000607958703768 
0.000191216415260 
0.000055497672292 
0.000014841231859 
0.000003646860478 
0.000000819952220 
0.000000167655671 
0.000000030903305 
0.000000005070298 
0.000000000726408 
0.000000000088089 
0.000000000008533 
0.000000000000572 
-0.485020369291306 
-0.029037410393357 
0.337384223937988 
0.229085430502892 
-0.116967260837555 
-0.319396525621414 
-0.240676537156105 
0.004400347359478 
0.235808476805687 
0.350874900817871 
0.346893519163132 
0.273826956748962 
0.184044703841209 
0.108720034360886 
0.057495437562466 
0.027540368959308 
l=2 j=0 
0.008324652910233 
0.003909824881703 
0.001724070752971 
0.000713049957994 
0.000276163074886 
0.000099936078186 
0.000033688444091 
0.000010536789887 
0.000003041709078 
0.000000804760589 
0.000000193297240 
0.000000041590944 
0.000000007859950 
0.000000001264013 
0.000000000163183 
0.000000000014654 
0.031469859182835 
0.087608382105827 
0.169652894139290 
0.263736158609390 
0.348890125751495 
0.405373692512512 
0.421926319599152 
0.398682892322540 
0.345269531011581 
0.275975733995438 
0.204669088125229 
0.141395494341850 
0.091270394623280 
0.055170264095068 
0.031278599053621 
0.016649305820465 
l=2 j=1 
0.036631219089031 
0.018960082903504 
0.009134741500020 
0.004098162055016 
0.001711212098598 
0.000664114835672 
0.000238999622525 
0.000079483455920 
0.000024310666049 
0.000006793345619 
0.000001718501835 
0.000000388437627 
0.000000076937035 
0.000000012940331 
0.000000001743861 
0.000000000163183 
-0.087608382105827 
-0.204554080963135 
-0.319940894842148 
-0.378947287797928 
-0.344643831253052 
-0.218421801924706 
-0.037890102714300 
0.143211126327515 
0.279055058956146 
0.346966952085495 
0.349216699600220 
0.304744571447372 
0.237693384289742 
0.168450832366943 
0.109547145664692 
0.065786682069302 
l=2 j=2 
0.102784894406796 
0.059606909751892 
0.031780868768692 
0.015624110586941 
0.007091741077602 
0.002971824724227 
0.001148264156654 
0.000408007646911 
0.000132768851472 
0.000039325823309 
0.000010510225366 
0.000002502532197 
0.000000520774279 
0.000000091809156 
0.000000012940331 
0.000000001264013 
0.169652894139290 
0.319940894842148 
0.373704582452774 
0.275185585021973 
0.060672722756863 
-0.164489105343819 
-0.293495476245880 
-0.277327150106430 
-0.140100538730621 
0.047992758452892 
0.213554292917252 
0.311460286378861 
0.333314359188080 
0.297420948743820 
0.232081651687622 
0.162139549851418 
l=2 j=3 
0.206502914428711 
0.137627258896828 
0.082706578075886 
0.045173995196819 
0.022528819739819 
0.010281327180564 
0.004294921644032 
0.001639969996177 
0.000570535135921 
0.000179869952262 
0.000050969734730 
0.000012824100850 
0.000002811499826 
0.000000520774279 
0.000000076937035 
0.000000007859950 
-0.263736158609390 
-0.378947287797928 
-0.275185585021973 
-0.009834330528975 
0.230920344591141 
0.287199944257736 
0.141597077250481 
-0.089197777211666 
-0.254273146390915 
-0.267558902502060 
-0.141188442707062 
0.047451857477427 
0.213559463620186 
0.306525409221649 
0.319575160741806 
0.275647640228272 
l=3 j=0 
0.078371219336987 
0.048193603754044 
0.027824589982629 
0.015067293308675 
0.007640512194484 
0.003620101837441 
0.001597794936970 
0.000654319708701 
0.000247309595579 
0.000085670559201 
0.000026942145269 
0.000007590089353 
0.000001878060061 
0.000000395441930 
0.000000066841885 
0.000000007859220 
0.003972094971687 
0.014478116296232 
0.036708727478981 
0.074716977775097 
0.129413604736328 
0.196874022483826 
0.268294066190720 
0.331927806138992 
0.376370757818222 
0.393885642290115 
0.382466226816177 
0.345953732728958 
0.292384266853333 
0.231403931975365 
0.171772867441177 
0.119714021682739 
l=3 j=1 
0.205797895789146 
0.145441934466362 
0.094876252114773 
0.057281777262688 
0.032041717320681 
0.016600308939815 
0.007953060790896 
0.003513339208439 
0.001424845657311 
0.000527157972101 
0.000176342960913 
0.000052653791499 
0.000013764504729 
0.000003053222372 
0.000000542286159 
0.000000066841885 
-0.014478116296232 
-0.047097697854042 
-0.105027176439762 
-0.184488520026207 
-0.268822312355042 
-0.331792354583740 
-0.347004026174545 
-0.299213379621506 
-0.191764742136002 
-0.046312786638737 
0.104930236935616 
0.230502933263779 
0.309404969215393 
0.335569113492966 
0.316418558359146 
0.267441838979721 
l=3 j=2 
0.308922171592712 
0.264466106891632 
0.201845169067383 
0.139246717095375 
0.087483361363411 
0.050243549048901 
0.026409920305014 
0.012693634256721 
0.005562323611230 
0.002210622187704 
0.000790401827544 
0.000251164281508 
0.000069612149673 
0.000016316613255 
0.000003053222372 
0.000000395441930 
0.036708727478981 
0.105027176439762 
0.201441958546639 
0.294517934322357 
0.338651090860367 
0.297805845737457 
0.168853536248207 
-0.010994846001267 
-0.178693428635597 
-0.273990154266357 
-0.266046702861786 
-0.164252012968063 
-0.009684996679425 
0.145636364817619 
0.259836018085480 
0.313269108533859 
l=3 j=3 
0.255508482456207 
0.306140333414078 
0.294267416000366 
0.242368429899216 
0.176015034317970 
0.114340268075466 
0.066921994090080 
0.035391826182604 
0.016905197873712 
0.007268263958395 
0.002793747931719 
0.000949332956225 
0.000280089501757 
0.000069612149673 
0.000013764504729 
0.000001878060061 
-0.074716977775097 
-0.184488520026207 
-0.294517934322357 
-0.336006820201874 
-0.260051071643829 
-0.079793281853199 
0.126204833388329 
0.256457269191742 
0.247044682502747 
0.108971916139126 
-0.080915547907352 
-0.226006954908371 
-0.261251926422119 
-0.179865509271622 
-0.025691419839859 
0.137025609612465 
l=4 j=0 
0.246357381343842 
0.188947483897209 
0.136057749390602 
0.091890901327133 
0.058116909116507 
0.034343421459198 
0.018905431032181 
0.009656023234129 
0.004551893100142 
0.001966642681509 
0.000771380669903 
0.000271035532933 
0.000083643382823 
0.000021965828637 
0.000004630803232 
0.000000679093944 
0.000364203733625 
0.001655692234635 
0.005235758610070 
0.013291449286044 
0.028712812811136 
0.054478731006384 
0.092596039175987 
0.142878785729408 
0.202061116695404 
0.263742297887802 
0.319407790899277 
0.360340565443039 
0.379832327365875 
0.374931067228317 
0.347118705511093 
0.301724940538406 
l=4 j=1 
0.325148403644562 
0.318648964166641 
0.279334664344788 
0.222346335649490 
0.161930859088898 
0.108281821012497 
0.066538251936436 
0.037524741142988 
0.019358137622476 
0.009084677323699 
0.003846105653793 
0.001450750161894 
0.000478376372484 
0.000133680863655 
0.000029880133297 
0.000004630803232 
-0.001655692234635 
-0.006919870618731 
-0.019963029772043 
-0.045805089175701 
-0.088423669338226 
-0.147799253463745 
-0.217263072729111 
-0.282862275838852 
-0.325948476791382 
-0.328754901885986 
-0.281041383743286 
-0.184950172901154 
-0.055701315402985 
0.082473836839199 
0.203615829348564 
0.287606090307236 
l=4 j=2 
0.114245504140854 
0.233659476041794 
0.299702525138855 
0.308947056531906 
0.274002552032471 
0.215006142854691 
0.151233926415443 
0.095901124179363 
0.054883137345314 
0.028272269293666 
0.013026941567659 
0.005310391075909 
0.001881251577288 
0.000561950262636 
0.000133680863655 
0.000021965828637 
0.005235758610070 
0.019963029772043 
0.052000198513269 
0.106324896216393 
0.179755851626396 
0.256849706172943 
0.311317771673203 
0.314727634191513 
0.249876260757446 
0.122307561337948 
-0.037030454725027 
-0.181029275059700 
-0.264214545488358 
-0.260805159807205 
-0.174386814236641 
-0.034980397671461 
l=4 j=3 
-0.190014809370041 
-0.049856610596180 
0.109083391726017 
0.234540998935700 
0.297263324260712 
0.295909941196442 
0.249232128262520 
0.182908788323402 
0.118445441126823 
0.067939646542072 
0.034437451511621 
0.015297711826861 
0.005860581062734 
0.001881251577288 
0.000478376372484 
0.000083643382823 
-0.013291449286044 
-0.045805089175701 
-0.106324896216393 
-0.189992949366570 
-0.272746920585632 
-0.315697669982910 
-0.282857149839401 
-0.164578035473824 
0.008202590048313 
0.171304211020470 
0.256083071231842 
0.224903687834740 
0.092514850199223 
-0.079905927181244 
-0.214889958500862 
-0.255685418844223 
l=5 j=0 
0.374098837375641 
0.351404666900635 
0.309909790754318 
0.256348133087158 
0.198566406965256 
0.143711820244789 
0.096890486776829 
0.060609187930822 
0.034992732107639 
0.018516413867474 
0.008894997648895 
0.003827797248960 
0.001446771435440 
0.000465330522275 
0.000120147822599 
0.000021579186068 
0.000021579186068 
0.000120147822599 
0.000465330522275 
0.001446771435440 
0.003827797248960 
0.008894997648895 
0.018516413867474 
0.034992732107639 
0.060609187930822 
0.096890486776829 
0.143711820244789 
0.198566406965256 
0.256348133087158 
0.309909790754318 
0.351404666900635 
0.374098837375641 
l=5 j=1 
0.067190133035183 
0.189342424273491 
0.278307199478149 
0.322290390729904 
0.320972234010696 
0.283925443887711 
0.226226583123207 
0.163285970687866 
0.106842964887619 
0.063187271356583 
0.033549360930920 
0.015812331810594 
0.006496195215732 
0.002256547333673 
0.000625796383247 
0.000120147822599 
-0.000120147822599 
-0.000625796383247 
-0.002256547333673 
-0.006496195215732 
-0.015812331810594 
-0.033549360930920 
-0.063187271356583 
-0.106842964887619 
-0.163285970687866 
-0.226226583123207 
-0.283925443887711 
-0.320972234010696 
-0.322290390729904 
-0.278307199478149 
-0.189342424273491 
-0.067190133035183 
l=5 j=2 
-0.260226279497147 
-0.179256007075310 
-0.043115165084600 
0.106990739703178 
0.230207413434982 
0.299901425838471 
0.310030013322830 
0.272636324167252 
0.209334626793861 
0.141681879758835 
0.084561601281166 
0.044199950993061 
0.019926447421312 
0.007531136274338 
0.002256547333673 
0.000465330522275 
0.000465330522275 
0.002256547333673 
0.007531136274338 
0.019926447421312 
0.044199950993061 
0.084561601281166 
0.141681879758835 
0.209334626793861 
0.272636324167252 
0.310030013322830 
0.299901425838471 
0.230207413434982 
0.106990739703178 
-0.043115165084600 
-0.179256007075310 
-0.260226279497147 
l=5 j=3 
-0.083697549998760 
-0.214895099401474 
-0.254233717918396 
-0.187353312969208 
-0.044425487518311 
0.117893621325493 
0.244232237339020 
0.302843630313873 
0.292803227901459 
0.236133784055710 
0.162523835897446 
0.095859415829182 
0.048013690859079 
0.019926447421312 
0.006496195215732 
0.001446771435440 
-0.001446771435440 
-0.006496195215732 
-0.019926447421312 
-0.048013690859079 
-0.095859415829182 
-0.162523835897446 
-0.236133784055710 
-0.292803227901459 
-0.302843630313873 
-0.244232237339020 
-0.117893621325493 
0.044425487518311 
0.187353312969208 
0.254233717918396 
0.214895099401474 
0.083697549998760 
l=6 j=0 
0.301724940538406 
0.347118705511093 
0.374931067228317 
0.379832327365875 
0.360340565443039 
0.319407790899277 
0.263742297887802 
0.202061116695404 
0.142878785729408 
0.092596039175987 
0.054478731006384 
0.028712812811136 
0.013291449286044 
0.005235758610070 
0.001655692234635 
0.000364203733625 
0.000000679093944 
0.000004630803232 
0.000021965828637 
0.000083643382823 
0.000271035532933 
0.000771380669903 
0.001966642681509 
0.004551893100142 
0.009656023234129 
0.018905431032181 
0.034343421459198 
0.058116909116507 
0.091890901327133 
0.136057749390602 
0.188947483897209 
0.246357381343842 
l=6 j=1 
-0.287606090307236 
-0.203615829348564 
-0.082473836839199 
0.055701315402985 
0.184950172901154 
0.281041383743286 
0.328754901885986 
0.325948476791382 
0.282862275838852 
0.217263072729111 
0.147799253463745 
0.088423669338226 
0.045805089175701 
0.019963029772043 
0.006919870618731 
0.001655692234635 
-0.000004630803232 
-0.000029880133297 
-0.000133680863655 
-0.000478376372484 
-0.001450750161894 
-0.003846105653793 
-0.009084677323699 
-0.019358137622476 
-0.037524741142988 
-0.066538251936436 
-0.108281821012497 
-0.161930859088898 
-0.222346335649490 
-0.279334664344788 
-0.318648964166641 
-0.325148403644562 
l=6 j=2 
-0.034980397671461 
-0.174386814236641 
-0.260805159807205 
-0.264214545488358 
-0.181029275059700 
-0.037030454725027 
0.122307561337948 
0.249876260757446 
0.314727634191513 
0.311317771673203 
0.256849706172943 
0.179755851626396 
0.106324896216393 
0.052000198513269 
0.019963029772043 
0.005235758610070 
0.000021965828637 
0.000133680863655 
0.000561950262636 
0.001881251577288 
0.005310391075909 
0.013026941567659 
0.028272269293666 
0.054883137345314 
0.095901124179363 
0.151233926415443 
0.215006142854691 
0.274002552032471 
0.308947056531906 
0.299702525138855 
0.233659476041794 
0.114245504140854 
l=6 j=3 
0.255685418844223 
0.214889958500862 
0.079905927181244 
-0.092514850199223 
-0.224903687834740 
-0.256083071231842 
-0.171304211020470 
-0.008202590048313 
0.164578035473824 
0.282857149839401 
0.315697669982910 
0.272746920585632 
0.189992949366570 
0.106324896216393 
0.045805089175701 
0.013291449286044 
-0.000083643382823 
-0.000478376372484 
-0.001881251577288 
-0.005860581062734 
-0.015297711826861 
-0.034437451511621 
-0.067939646542072 
-0.118445441126823 
-0.182908788323402 
-0.249232128262520 
-0.295909941196442 
-0.297263324260712 
-0.234540998935700 
-0.109083391726017 
0.049856610596180 
0.190014809370041 
l=7 j=0 
0.119714021682739 
0.171772867441177 
0.231403931975365 
0.292384266853333 
0.345953732728958 
0.382466226816177 
0.393885642290115 
0.376370757818222 
0.331927806138992 
0.268294066190720 
0.196874022483826 
0.129413604736328 
0.074716977775097 
0.036708727478981 
0.014478116296232 
0.003972094971687 
0.000000007859220 
0.000000066841885 
0.000000395441930 
0.000001878060061 
0.000007590089353 
0.000026942145269 
0.000085670559201 
0.000247309595579 
0.000654319708701 
0.001597794936970 
0.003620101837441 
0.007640512194484 
0.015067293308675 
0.027824589982629 
0.048193603754044 
0.078371219336987 
l=7 j=1 
-0.267441838979721 
-0.316418558359146 
-0.335569113492966 
-0.309404969215393 
-0.230502933263779 
-0.104930236935616 
0.046312786638737 
0.191764742136002 
0.299213379621506 
0.347004026174545 
0.331792354583740 
0.268822312355042 
0.184488520026207 
0.105027176439762 
0.047097697854042 
0.014478116296232 
-0.000000066841885 
-0.000000542286159 
-0.000003053222372 
-0.000013764504729 
-0.000052653791499 
-0.000176342960913 
-0.000527157972101 
-0.001424845657311 
-0.003513339208439 
-0.007953060790896 
-0.016600308939815 
-0.032041717320681 
-0.057281777262688 
-0.094876252114773 
-0.145441934466362 
-0.205797895789146 
l=7 j=2 
0.313269108533859 
0.259836018085480 
0.145636364817619 
-0.009684996679425 
-0.164252012968063 
-0.266046702861786 
-0.273990154266357 
-0.178693428635597 
-0.010994846001267 
0.168853536248207 
0.297805845737457 
0.338651090860367 
0.294517934322357 
0.201441958546639 
0.105027176439762 
0.036708727478981 
0.000000395441930 
0.000003053222372 
0.000016316613255 
0.000069612149673 
0.000251164281508 
0.000790401827544 
0.002210622187704 
0.005562323611230 
0.012693634256721 
0.026409920305014 
0.050243549048901 
0.087483361363411 
0.139246717095375 
0.201845169067383 
0.264466106891632 
0.308922171592712 
l=7 j=3 
-0.137025609612465 
0.025691419839859 
0.179865509271622 
0.261251926422119 
0.226006954908371 
0.080915547907352 
-0.108971916139126 
-0.247044682502747 
-0.256457269191742 
-0.126204833388329 
0.079793281853199 
0.260051071643829 
0.336006820201874 
0.294517934322357 
0.184488520026207 
0.074716977775097 
-0.000001878060061 
-0.000013764504729 
-0.000069612149673 
-0.000280089501757 
-0.000949332956225 
-0.002793747931719 
-0.007268263958395 
-0.016905197873712 
-0.035391826182604 
-0.066921994090080 
-0.114340268075466 
-0.176015034317970 
-0.242368429899216 
-0.294267416000366 
-0.306140333414078 
-0.255508482456207 
l=8 j=0 
0.016649305820465 
0.031278599053621 
0.055170264095068 
0.091270394623280 
0.141395494341850 
0.204669088125229 
0.275975733995438 
0.345269531011581 
0.398682892322540 
0.421926319599152 
0.405373692512512 
0.348890125751495 
0.263736158609390 
0.169652894139290 
0.087608382105827 
0.031469859182835 
0.000000000014654 
0.000000000163183 
0.000000001264013 
0.000000007859950 
0.000000041590944 
0.000000193297240 
0.000000804760589 
0.000003041709078 
0.000010536789887 
0.000033688444091 
0.000099936078186 
0.000276163074886 
0.000713049957994 
0.001724070752971 
0.003909824881703 
0.008324652910233 
l=8 j=1 
-0.065786682069302 
-0.109547145664692 
-0.168450832366943 
-0.237693384289742 
-0.304744571447372 
-0.349216699600220 
-0.346966952085495 
-0.279055058956146 
-0.143211126327515 
0.037890102714300 
0.218421801924706 
0.344643831253052 
0.378947287797928 
0.319940894842148 
0.204554080963135 
0.087608382105827 
-0.000000000163183 
-0.000000001743861 
-0.000000012940331 
-0.000000076937035 
-0.000000388437627 
-0.000001718501835 
-0.000006793345619 
-0.000024310666049 
-0.000079483455920 
-0.000238999622525 
-0.000664114835672 
-0.001711212098598 
-0.004098162055016 
-0.009134741500020 
-0.018960082903504 
-0.036631219089031 
l=8 j=2 
0.162139549851418 
0.232081651687622 
0.297420948743820 
0.333314359188080 
0.311460286378861 
0.213554292917252 
0.047992758452892 
-0.140100538730621 
-0.277327150106430 
-0.293495476245880 
-0.164489105343819 
0.060672722756863 
0.275185585021973 
0.373704582452774 
0.319940894842148 
0.169652894139290 
0.000000001264013 
0.000000012940331 
0.000000091809156 
0.000000520774279 
0.000002502532197 
0.000010510225366 
0.000039325823309 
0.000132768851472 
0.000408007646911 
0.001148264156654 
0.002971824724227 
0.007091741077602 
0.015624110586941 
0.031780868768692 
0.059606909751892 
0.102784894406796 
l=8 j=3 
-0.275647640228272 
-0.319575160741806 
-0.306525409221649 
-0.213559463620186 
-0.047451857477427 
0.141188442707062 
0.267558902502060 
0.254273146390915 
0.089197777211666 
-0.141597077250481 
-0.287199944257736 
-0.230920344591141 
0.009834330528975 
0.275185585021973 
0.378947287797928 
0.263736158609390 
-0.000000007859950 
-0.000000076937035 
-0.000000520774279 
-0.000002811499826 
-0.000012824100850 
-0.000050969734730 
-0.000179869952262 
-0.000570535135921 
-0.001639969996177 
-0.004294921644032 
-0.010281327180564 
-0.022528819739819 
-0.045173995196819 
-0.082706578075886 
-0.137627258896828 
-0.206502914428711 
l=9 j=0 
0.000235988787608 
0.000665018567815 
0.001759473816492 
0.004366152919829 
0.010146021842957 
0.022029455751181 
0.044556766748428 
0.083616554737091 
0.144828125834465 
0.229907512664795 
0.331331998109818 
0.427747756242752 
0.485020369291306 
0.467996776103973 
0.362508744001389 
0.195325478911400 
0.000000000000000 
0.000000000000005 
0.000000000000061 
0.000000000000572 
0.000000000004544 
0.000000000031675 
0.000000000197810 
0.000000001121480 
0.000000005827381 
0.000000027947140 
0.000000124356916 
0.000000515471356 
0.000001996411811 
0.000007240632840 
0.000024630317057 
0.000078662924352 
l=9 j=1 
-0.001681265188381 
-0.004339684732258 
-0.010428356938064 
-0.023264130577445 
-0.047986689954996 
-0.091001957654953 
-0.157385095953941 
-0.245293617248535 
-0.338154673576355 
-0.399161875247955 
-0.376890212297440 
-0.230477303266525 
0.029037410393357 
0.308200567960739 
0.455759435892105 
0.362508744001389 
-0.000000000000005 
-0.000000000000085 
-0.000000000000952 
-0.000000000008533 
-0.000000000065012 
-0.000000000434261 
-0.000000002593530 
-0.000000014032523 
-0.000000069426363 
-0.000000316225623 
-0.000001332664738 
-0.000005215417787 
-0.000019004006390 
-0.000064589316025 
-0.000204966418096 
-0.000607515976299 
l=9 j=2 
0.007861237041652 
0.018383767455816 
0.039572916924953 
0.077953062951565 
0.139323398470879 
0.223047479987145 
0.313384383916855 
0.372682839632034 
0.347005903720856 
0.195464596152306 
-0.059753373265266 
-0.297544926404953 
-0.337384223937988 
-0.084399901330471 
0.308200567960739 
0.467996776103973 
0.000000000000061 
0.000000000000952 
0.000000000010235 
0.000000000088089 
0.000000000642998 
0.000000004107191 
0.000000023407056 
0.000000120570476 
0.000000566449614 
0.000002442993036 
0.000009717250578 
0.000035763652704 
0.000122053126688 
0.000386702391552 
0.001137761748396 
0.003106799907982 
l=9 j=3 
-0.027540368959308 
-0.057495437562466 
-0.108720034360886 
-0.184044703841209 
-0.273826956748962 
-0.346893519163132 
-0.350874900817871 
-0.235808476805687 
-0.004400347359478 
0.240676537156105 
0.319396525621414 
0.116967260837555 
-0.229085430502892 
-0.337384223937988 
0.029037410393357 
0.485020369291306 
-0.000000000000572 
-0.000000000008533 
-0.000000000088089 
-0.000000000726408 
-0.000000005070298 
-0.000000030903305 
-0.000000167655671 
-0.000000819952220 
-0.000003646860478 
-0.000014841231859 
-0.000055497672292 
-0.000191216415260 
-0.000607958703768 
-0.001784370397218 
-0.004831000231206 
-0.012041646055877 
