l=1 j=0 A.x 
0.087879858911037 
-0.061282236129045 
0.015026003122330 
0.008785894140601 
-0.010885309427977 
0.006799937225878 
-0.003417400876060 
0.001430691219866 
-0.000295965641271 
-0.000388155516703 
0.000825833005365 
-0.001117944135331 
0.001316954032518 
-0.001451790216379 
0.001539022079669 
-0.001588112791069 
0.001603966346011 
-0.001588109647855 
0.001539018587209 
-0.001451788353734 
0.001316952635534 
-0.001117943786085 
0.000825833645649 
-0.000388157553971 
-0.000295966106933 
0.001430691685528 
-0.003417402273044 
0.006799937691540 
-0.010885313153267 
0.008785900659859 
0.015025989152491 
-0.061282221227884 
l=1 j=0 A.y 
0.000000000000000 
0.050379667431116 
-0.056908253580332 
0.035831075161695 
-0.017479591071606 
0.008796595036983 
-0.005424281116575 
0.003959883470088 
-0.003123413305730 
0.002526202937588 
-0.002045000903308 
0.001631937688217 
-0.001263282261789 
0.000924695283175 
-0.000606207933743 
0.000300136802252 
0.000000000000000 
-0.000300133484416 
0.000606207875535 
-0.000924696214497 
0.001263284357265 
-0.001631938852370 
0.002045002300292 
-0.002526202704757 
0.003123413305730 
-0.003959880676121 
0.005424279719591 
-0.008796593174338 
0.017479589208961 
-0.035831071436405 
0.056908253580332 
-0.050379678606987 
l=1 j=1 A.x 
-0.024108178913593 
-0.020348984748125 
0.069233149290085 
-0.053431048989296 
0.019630648195744 
-0.003323801560327 
-0.000018957372959 
-0.000527687545400 
0.001538401003927 
-0.002329590730369 
0.002880208659917 
-0.003257660660893 
0.003516497090459 
-0.003691797843203 
0.003804950043559 
-0.003868493018672 
0.003888997482136 
-0.003868496278301 
0.003804950974882 
-0.003691795514897 
0.003516495693475 
-0.003257660893723 
0.002880209125578 
-0.002329588169232 
0.001538399723358 
-0.000527688360307 
-0.000018956347049 
-0.003323796205223 
0.019630640745163 
-0.053431037813425 
0.069233156740665 
-0.020349001511931 
l=1 j=1 A.y 
0.000000000000000 
-0.046924084424973 
0.011431014165282 
0.035438630729914 
-0.041632432490587 
0.028914202004671 
-0.018014442175627 
0.011839366517961 
-0.008426680229604 
0.006328904535621 
-0.004872573539615 
0.003758387640119 
-0.002842687070370 
0.002048452617601 
-0.001329425489530 
0.000654477684293 
0.000000000000000 
-0.000654477102216 
0.001329420716502 
-0.002048450056463 
0.002842686837539 
-0.003758387640119 
0.004872570279986 
-0.006328902672976 
0.008426680229604 
-0.011839366517961 
0.018014436587691 
-0.028914196416736 
0.041632432490587 
-0.035438641905785 
-0.011431001126766 
0.046924084424973 
l=1 j=2 A.x 
0.054268639534712 
0.000957830401603 
-0.022042591124773 
-0.037979997694492 
0.059650942683220 
-0.039675146341324 
0.020561866462231 
-0.011705533601344 
0.008479543030262 
-0.007370782084763 
0.006985771935433 
-0.006851637270302 
0.006807970348746 
-0.006797264330089 
0.006797533947974 
-0.006799967493862 
0.006801081821322 
-0.006799964699894 
0.006797535810620 
-0.006797268521041 
0.006807971745729 
-0.006851634010673 
0.006985767278820 
-0.007370781153440 
0.008479541167617 
-0.011705528013408 
0.020561857149005 
-0.039675142616034 
0.059650942683220 
-0.037980012595654 
-0.022042585536838 
0.000957843265496 
l=1 j=2 A.y 
0.000000000000000 
0.037137251347303 
0.027224916964769 
-0.043759580701590 
0.000347357970895 
0.024970782920718 
-0.025422928854823 
0.019244370982051 
-0.013925720937550 
0.010253200307488 
-0.007700785994530 
0.005815913900733 
-0.004328680690378 
0.003083410672843 
-0.001985710347071 
0.000973262533080 
0.000000000000000 
-0.000973263173364 
0.001985714072362 
-0.003083408810198 
0.004328674636781 
-0.005815909709781 
0.007700786925852 
-0.010253201238811 
0.013925720937550 
-0.019244369119406 
0.025422932580113 
-0.024970788508654 
-0.000347352033714 
0.043759576976299 
-0.027224924415350 
-0.037137243896723 
l=1 j=3 A.x 
-0.030765859410167 
-0.032369550317526 
0.021301679313183 
0.033286049962044 
0.008061606436968 
-0.046523902565241 
0.043860651552677 
-0.030440865084529 
0.021024895831943 
-0.015941686928272 
0.013274008408189 
-0.011811269447207 
0.010965769179165 
-0.010460772551596 
0.010162166319788 
-0.010003498755395 
0.009953665547073 
-0.010003501549363 
0.010162165388465 
-0.010460772551596 
0.010965769179165 
-0.011811269447207 
0.013274009339511 
-0.015941685065627 
0.021024893969297 
-0.030440861359239 
0.043860651552677 
-0.046523906290531 
0.008061615750194 
0.033286046236753 
0.021301669999957 
-0.032369557768106 
l=1 j=3 A.y 
0.000000000000000 
-0.032133247703314 
-0.034554824233055 
-0.004903844557703 
0.049456380307674 
-0.025427876040339 
-0.003208584850654 
0.012993379496038 
-0.013106783851981 
0.010833736509085 
-0.008491679094732 
0.006512308958918 
-0.004870396573097 
0.003472331678495 
-0.002235322492197 
0.001095028710552 
0.000000000000000 
-0.001095027080737 
0.002235320629552 
-0.003472332609817 
0.004870395176113 
-0.006512307561934 
0.008491677232087 
-0.010833733715117 
0.013106783851981 
-0.012993382290006 
0.003208590904251 
0.025427866727114 
-0.049456380307674 
0.004903859458864 
0.034554824233055 
0.032133240252733 
l=2 j=0 A.x 
0.103253588080406 
-0.025737978518009 
-0.037988044321537 
0.019343584775925 
-0.003578747622669 
0.000735579174943 
-0.000391344772652 
0.000237213491346 
-0.000118159026897 
0.000029139340768 
0.000036138219002 
-0.000083743201685 
0.000118145610031 
-0.000142396442243 
0.000158501774422 
-0.000167712554685 
0.000170703322510 
-0.000167706908542 
0.000158499591635 
-0.000142397606396 
0.000118145617307 
-0.000083741819253 
0.000036136996641 
0.000029136366720 
-0.000118159056001 
0.000237215674133 
-0.000391348614357 
0.000735578010790 
-0.003578746691346 
0.019343581050634 
-0.037988051772118 
-0.025737952440977 
l=2 j=0 A.y 
0.000000000000000 
0.081999719142914 
-0.031985808163881 
-0.005513168871403 
0.004680464509875 
-0.001167134963907 
0.000118253068649 
0.000148023071233 
-0.000217224282096 
0.000223703464144 
-0.000205724223633 
0.000177227484528 
-0.000144057834405 
0.000108846106741 
-0.000072795031883 
0.000036445020669 
0.000000000000000 
-0.000036443558201 
0.000072798997280 
-0.000108847561933 
0.000144058096339 
-0.000177227426320 
0.000205727425055 
-0.000223705341341 
0.000217224282096 
-0.000148020073539 
-0.000118250733067 
0.001167132519186 
-0.004680464975536 
0.005513174924999 
0.031985800713301 
-0.081999726593494 
l=2 j=1 A.x 
-0.015131792984903 
-0.067617893218994 
0.042768318206072 
0.030400097370148 
-0.021241573616862 
0.006476262584329 
-0.002192344982177 
0.000954968563747 
-0.000392334710341 
0.000060071528424 
0.000156941998284 
-0.000305053516058 
0.000407739076763 
-0.000478191272123 
0.000524159753695 
-0.000550159194972 
0.000558582250960 
-0.000550161174033 
0.000524155795574 
-0.000478188158013 
0.000407738058129 
-0.000305054418277 
0.000156945025083 
0.000060071062762 
-0.000392334855860 
0.000954966119025 
-0.002192342886701 
0.006476262118667 
-0.021241575479507 
0.030400104820728 
0.042768299579620 
-0.067617900669575 
l=2 j=1 A.y 
0.000000000000000 
-0.025234216824174 
-0.072194918990135 
0.042706780135632 
-0.002559905871749 
-0.001539312885143 
-0.000085182939074 
0.000721568590961 
-0.000840631953906 
0.000796610838734 
-0.000699766387697 
0.000585744215641 
-0.000467168167233 
0.000348554400261 
-0.000231245285249 
0.000115244780318 
0.000000000000000 
-0.000115240691230 
0.000231242054724 
-0.000348555709934 
0.000467170786578 
-0.000585746020079 
0.000699766329490 
-0.000796608102974 
0.000840631953906 
-0.000721568241715 
0.000085180501628 
0.001539315795526 
0.002559903310612 
-0.042706768959761 
0.072194926440716 
0.025234198197722 
l=2 j=2 A.x 
0.066978454589844 
0.015272187069058 
0.056205734610558 
-0.047371845692396 
-0.017793608829379 
0.016231765970588 
-0.006380213424563 
0.002391386311501 
-0.000788604258560 
-0.000020205963665 
0.000497082830407 
-0.000802406051662 
0.001005530823022 
-0.001141153508797 
0.001228084322065 
-0.001276745926589 
0.001292422530241 
-0.001276745344512 
0.001228086184710 
-0.001141148852184 
0.001005528261885 
-0.000802407681476 
0.000497083761729 
-0.000020204444809 
-0.000788604607806 
0.002391386777163 
-0.006380209233612 
0.016231767833233 
-0.017793616279960 
-0.047371827065945 
0.056205742061138 
0.015272193588316 
l=2 j=2 A.y 
0.000000000000000 
0.017634509131312 
0.030778406187892 
0.061728101223707 
-0.043518573045731 
0.010580753907561 
-0.003581456607208 
0.002733235945925 
-0.002374709816650 
0.002021167427301 
-0.001679479726590 
0.001359614892863 
-0.001061334740371 
0.000780815724283 
-0.000513429753482 
0.000254604412476 
0.000000000000000 
-0.000254606449744 
0.000513425096869 
-0.000780814385507 
0.001061338582076 
-0.001359617221169 
0.001679476350546 
-0.002021168824285 
0.002374709816650 
-0.002733237342909 
0.003581451484933 
-0.010580747388303 
0.043518569320440 
-0.061728112399578 
-0.030778393149376 
-0.017634496092796 
l=2 j=3 A.x 
-0.020441520959139 
-0.059649884700775 
-0.020044771954417 
-0.059209655970335 
0.046571921557188 
0.004884876310825 
-0.008180361241102 
0.003406849224120 
-0.000757026078645 
-0.000568501243833 
0.001307819620706 
-0.001759404665790 
0.002049789996818 
-0.002239152556285 
0.002358646132052 
-0.002424882259220 
0.002446124097332 
-0.002424881793559 
0.002358645200729 
-0.002239155583084 
0.002049789298326 
-0.001759403035976 
0.001307816593908 
-0.000568503281102 
-0.000757026893552 
0.003406846895814 
-0.008180366829038 
0.004884879570454 
0.046571910381317 
-0.059209670871496 
-0.020044773817062 
-0.059649888426065 
l=2 j=3 A.y 
0.000000000000000 
-0.001123673515394 
-0.008369010873139 
-0.031049033626914 
-0.051885437220335 
0.039240453392267 
-0.015699526295066 
0.008033982478082 
-0.005487063899636 
0.004170253872871 
-0.003261809470132 
0.002546715550125 
-0.001942705013789 
0.001408003387041 
-0.000917151279282 
0.000452451844467 
0.000000000000000 
-0.000452447042335 
0.000917155237403 
-0.001407999428920 
0.001942701986991 
-0.002546712057665 
0.003261812496930 
-0.004170251544565 
0.005487063899636 
-0.008033976890147 
0.015699526295066 
-0.039240445941687 
0.051885437220335 
0.031049020588398 
0.008369005285203 
0.001123657566495 
l=3 j=0 A.x 
0.111052379012108 
0.024379355832934 
-0.036794945597649 
-0.005664668511599 
0.001835038536228 
-0.000096162206319 
-0.000005847608463 
0.000012523331861 
-0.000009051185771 
0.000003452940746 
0.000001935183718 
-0.000006466638297 
0.000010032643331 
-0.000012687066373 
0.000014511749214 
-0.000015583831555 
0.000015928235371 
-0.000015578098100 
0.000014512572307 
-0.000012688357856 
0.000010032696991 
-0.000006465402294 
0.000001933098702 
0.000003451403018 
-0.000009051187590 
0.000012526827049 
-0.000005850358320 
-0.000096162279078 
0.001835038536228 
-0.005664668977261 
-0.036794941872358 
0.024379383772612 
l=3 j=0 A.y 
0.000000000000000 
0.083618156611919 
0.019416837021708 
-0.010288262739778 
-0.000348617060808 
0.000126241022372 
-0.000010252160791 
0.000010462255887 
-0.000015616516976 
0.000017843181922 
-0.000017690017557 
0.000016045365555 
-0.000013510858480 
0.000010455488336 
-0.000007098760307 
0.000003584311571 
0.000000000000000 
-0.000003586320418 
0.000007102143627 
-0.000010456146811 
0.000013510662029 
-0.000016045287339 
0.000017691547328 
-0.000017846798073 
0.000015616516976 
-0.000010460837984 
0.000010254122571 
-0.000126244049170 
0.000348617264535 
0.010288260877132 
-0.019416844472289 
-0.083618149161339 
l=3 j=1 A.x 
-0.009186602197587 
-0.081481993198395 
-0.047787759453058 
0.027450799942017 
0.004436398856342 
-0.000965250190347 
0.000011426242054 
0.000057613870013 
-0.000040444832848 
0.000014323581127 
0.000009096490430 
-0.000027893884180 
0.000042240684706 
-0.000052697549108 
0.000059794252593 
-0.000063896637585 
0.000065238273237 
-0.000063894804043 
0.000059789934312 
-0.000052700095694 
0.000042241124902 
-0.000027892992875 
0.000009095561836 
0.000014319621187 
-0.000040444843762 
0.000057611898228 
0.000011420876035 
-0.000965253799222 
0.004436400718987 
0.027450785040855 
-0.047787778079510 
-0.081481985747814 
l=3 j=1 A.y 
0.000000000000000 
0.023372553288937 
-0.068227879703045 
-0.025120768696070 
0.007293791510165 
-0.000194365362404 
0.000001324061941 
0.000039473805373 
-0.000067250475695 
0.000076379874372 
-0.000074465380749 
0.000066564192821 
-0.000055429562053 
0.000042552965169 
-0.000028746120734 
0.000014479767742 
0.000000000000000 
-0.000014473319425 
0.000028751270293 
-0.000042552943341 
0.000055428779888 
-0.000066562133725 
0.000074470204709 
-0.000076377298683 
0.000067250475695 
-0.000039469057810 
-0.000001320773208 
0.000194365624338 
-0.007293791044503 
0.025120779871941 
0.068227864801884 
-0.023372579365969 
l=3 j=2 A.x 
0.073696881532669 
0.010903796181083 
0.064649038016796 
0.058555886149406 
-0.015376904048026 
-0.001226847060025 
-0.000008351372344 
0.000204202355235 
-0.000128577856231 
0.000040265585994 
0.000031381121516 
-0.000085704115918 
0.000125696416944 
-0.000154171269969 
0.000173182284925 
-0.000184081814950 
0.000187634985195 
-0.000184081960469 
0.000173179651028 
-0.000154167923029 
0.000125696533360 
-0.000085702959041 
0.000031385101465 
0.000040267914301 
-0.000128577885334 
0.000204205527552 
-0.000008346870345 
-0.001226841472089 
-0.015376901254058 
0.058555897325277 
0.064649030566216 
0.010903796181083 
l=3 j=2 A.y 
0.000000000000000 
-0.001783902291209 
-0.054007641971111 
0.040261618793011 
0.019657567143440 
-0.004035700578243 
0.000321370462188 
0.000101511919638 
-0.000208866302273 
0.000232404272538 
-0.000221135327592 
0.000194014457520 
-0.000159413917572 
0.000121246390336 
-0.000081423844676 
0.000040845345211 
0.000000000000000 
-0.000040848375647 
0.000081418111222 
-0.000121251869132 
0.000159414965310 
-0.000194018924958 
0.000221133232117 
-0.000232406455325 
0.000208866302273 
-0.000101515484857 
-0.000321373780025 
0.004035696387291 
-0.019657567143440 
-0.040261603891850 
0.054007653146982 
0.001783907297067 
l=3 j=3 A.x 
-0.012238563969731 
-0.057015590369701 
0.011018232442439 
-0.034282770007849 
-0.049665138125420 
0.009015813469887 
-0.001122850459069 
0.000656039337628 
-0.000333020841936 
0.000085077532276 
0.000091820729722 
-0.000217201813939 
0.000305810506688 
-0.000367255852325 
0.000407587504014 
-0.000430489802966 
0.000437915674411 
-0.000430488726124 
0.000407588842791 
-0.000367250788258 
0.000305807916448 
-0.000217206295929 
0.000091820642410 
0.000085074862000 
-0.000333020929247 
0.000656035204884 
-0.001122848712839 
0.009015806019306 
-0.049665141850710 
-0.034282747656107 
0.011018238961697 
-0.057015582919121 
l=3 j=3 A.y 
0.000000000000000 
0.032646723091602 
0.023983702063560 
0.080390587449074 
-0.015734802931547 
-0.009856776334345 
0.001517637167126 
0.000243699847488 
-0.000548046722542 
0.000582101405598 
-0.000535214086995 
0.000458736118162 
-0.000370953435777 
0.000279123778455 
-0.000186128716450 
0.000093019058113 
0.000000000000000 
-0.000093014365120 
0.000186127595953 
-0.000279120111372 
0.000370959809516 
-0.000458736467408 
0.000535212748218 
-0.000582099077292 
0.000548046722542 
-0.000243698130362 
-0.001517638214864 
0.009856780990958 
0.015734795480967 
-0.080390594899654 
-0.023983698338270 
-0.032646730542183 
l=4 j=0 A.x 
0.115009985864162 
0.066913589835167 
0.005013178102672 
-0.005419364664704 
-0.000838865351398 
0.000005456793133 
-0.000000733233833 
0.000000761607566 
-0.000000537025983 
0.000000223970318 
0.000000108766727 
-0.000000416363491 
0.000000672712474 
-0.000000873466092 
0.000001012598318 
-0.000001102745273 
0.000001126974325 
-0.000001098970642 
0.000001014748022 
-0.000000872954047 
0.000000672673195 
-0.000000415267721 
0.000000108295282 
0.000000225306223 
-0.000000537026096 
0.000000766395431 
-0.000000732105775 
0.000005460021839 
-0.000838865409605 
-0.005419355817139 
0.005013187415898 
0.066913612186909 
l=4 j=0 A.y 
0.000000000000000 
0.055654928088188 
0.036636196076870 
0.006245282944292 
-0.000178941496415 
-0.000032085470593 
-0.000000257302531 
0.000000792282492 
-0.000001027967869 
0.000001165338062 
-0.000001185268388 
0.000001102649662 
-0.000000949980176 
0.000000747008926 
-0.000000513872351 
0.000000255782084 
0.000000000000000 
-0.000000261575110 
0.000000513100133 
-0.000000748843490 
0.000000950083802 
-0.000001104458988 
0.000001183864356 
-0.000001170212386 
0.000001027967869 
-0.000000794248479 
0.000000256722160 
0.000032081963582 
0.000178941394552 
-0.006245286669582 
-0.036636192351580 
-0.055654902011156 
l=4 j=1 A.x 
-0.004398369230330 
-0.058012928813696 
-0.078759521245956 
-0.023930003866553 
0.000082956132246 
0.000248819589615 
-0.000006519348972 
0.000003962381470 
-0.000002793044132 
0.000001151611741 
0.000000577040908 
-0.000002130519988 
0.000003412324759 
-0.000004394644293 
0.000005085137673 
-0.000005498134669 
0.000005628184681 
-0.000005493514436 
0.000005085437351 
-0.000004397114481 
0.000003412156957 
-0.000002131175506 
0.000000573079149 
0.000001146315526 
-0.000002793044814 
0.000003960251433 
-0.000006525714980 
0.000248812837526 
0.000082955288235 
-0.023930013179779 
-0.078759521245956 
-0.058012910187244 
l=4 j=1 A.y 
0.000000000000000 
0.070256680250168 
0.016095103695989 
-0.016106028109789 
-0.004426278173923 
-0.000034921464248 
0.000000398287455 
0.000003935396307 
-0.000005189732292 
0.000005918941497 
-0.000005988786143 
0.000005546728971 
-0.000004744440503 
0.000003716933179 
-0.000002537094588 
0.000001294956746 
0.000000000000000 
-0.000001289240572 
0.000002544529025 
-0.000003713529168 
0.000004744601483 
-0.000005543236057 
0.000005992832939 
-0.000005917616818 
0.000005189732292 
-0.000003929595096 
-0.000000393881265 
0.000034922268242 
0.004426278173923 
0.016106022521853 
-0.016095120459795 
-0.070256695151329 
l=4 j=2 A.x 
0.076959438621998 
-0.001562930294313 
-0.023136630654335 
0.028307644650340 
0.014538952149451 
0.000530986348167 
-0.000042891711928 
0.000014526523955 
-0.000010374918929 
0.000004252067811 
0.000002048531542 
-0.000007568144156 
0.000012019000678 
-0.000015379733668 
0.000017721951735 
-0.000019086679458 
0.000019537788830 
-0.000019086472093 
0.000017716607545 
-0.000015383206119 
0.000012019460883 
-0.000007565417491 
0.000002049167733 
0.000004252341569 
-0.000010374921658 
0.000014528296560 
-0.000042895397200 
0.000530987570528 
0.014538952149451 
0.028307627886534 
-0.023136654868722 
-0.001562933321111 
l=4 j=2 A.y 
0.000000000000000 
-0.007478914223611 
-0.089511640369892 
-0.055110946297646 
-0.002479145070538 
0.001119888504036 
-0.000012658748346 
0.000013745561773 
-0.000018486689441 
0.000021181411284 
-0.000021297830244 
0.000019550379875 
-0.000016607060388 
0.000012926640011 
-0.000008813564818 
0.000004461483059 
0.000000000000000 
-0.000004461647222 
0.000008816507034 
-0.000012928720025 
0.000016605481505 
-0.000019549759600 
0.000021301892048 
-0.000021181620468 
0.000018486689441 
-0.000013744333955 
0.000012660781067 
-0.001119888969697 
0.002479146700352 
0.055110957473516 
0.089511632919312 
0.007478907238692 
l=4 j=3 A.x 
-0.005772630218416 
-0.035951290279627 
0.041278775781393 
0.083631671965122 
0.012436951510608 
-0.003433134406805 
-0.000091607136710 
0.000042274768930 
-0.000030974686524 
0.000012109819181 
0.000006630537428 
-0.000022476020604 
0.000034922242776 
-0.000044159452955 
0.000050485632528 
-0.000054174590332 
0.000055380405684 
-0.000054170624935 
0.000050485410611 
-0.000044157859520 
0.000034924007196 
-0.000022473361241 
0.000006632596069 
0.000012108590454 
-0.000030974697438 
0.000042278457840 
-0.000091603869805 
-0.003433128120378 
0.012436958961189 
0.083631679415703 
0.041278775781393 
-0.035951271653175 
l=4 j=3 A.y 
0.000000000000000 
0.056493092328310 
-0.009368487633765 
0.031956605613232 
0.033785361796618 
0.003033317858353 
-0.000172776548425 
0.000038780737668 
-0.000053396008298 
0.000061498823925 
-0.000061272847233 
0.000055655491451 
-0.000046866360208 
0.000036243465729 
-0.000024610924811 
0.000012422571672 
0.000000000000000 
-0.000012422270629 
0.000024607066734 
-0.000036250181438 
0.000046863639000 
-0.000055659304053 
0.000061270773585 
-0.000061501552409 
0.000053396008298 
-0.000038781341573 
0.000172774220118 
-0.003033323911950 
-0.033785361796618 
-0.031956579536200 
0.009368496015668 
-0.056493099778891 
l=5 j=0 A.x 
0.116239070892334 
0.086502455174923 
0.034814886748791 
0.007001300808042 
0.000595848076046 
0.000015367704691 
-0.000000025981315 
0.000000071184346 
-0.000000068538583 
0.000000057536013 
-0.000000046460016 
0.000000032463287 
-0.000000022024143 
0.000000012186436 
-0.000000006184341 
0.000000000748714 
0.000000000000002 
0.000000001508355 
-0.000000005508630 
0.000000013145683 
-0.000000021991795 
0.000000034009641 
-0.000000044979323 
0.000000061344309 
-0.000000068538597 
0.000000076343895 
-0.000000022897900 
0.000015373545466 
0.000595848134253 
0.007001309655607 
0.034814886748791 
0.086502462625504 
l=5 j=0 A.y 
0.000000000000000 
0.008519754745066 
0.006925113499165 
0.002123822458088 
0.000246808398515 
0.000008214212357 
-0.000000017360172 
0.000000058419499 
-0.000000068538597 
0.000000070107845 
-0.000000069532348 
0.000000060734557 
-0.000000053171004 
0.000000040173312 
-0.000000031090824 
0.000000007601818 
0.000000000000000 
-0.000000015314553 
0.000000027693755 
-0.000000043335479 
0.000000053092890 
-0.000000063627539 
0.000000067316300 
-0.000000074748222 
0.000000068538597 
-0.000000062653797 
0.000000015299891 
-0.000008217328286 
-0.000246808311203 
-0.002123822690919 
-0.006925106048584 
-0.008519727736712 
l=5 j=1 A.x 
-0.000000000000047 
-0.009119797497988 
-0.015439596958458 
-0.007640022318810 
-0.001329329679720 
-0.000065856191213 
-0.000000469639247 
-0.000000061467055 
0.000000143362158 
-0.000000240420974 
0.000000338343597 
-0.000000426682448 
0.000000499726184 
-0.000000558445549 
0.000000593188304 
-0.000000627653037 
0.000000629717533 
-0.000000621735126 
0.000000597536086 
-0.000000557786791 
0.000000499798318 
-0.000000426950379 
0.000000336137674 
-0.000000243429156 
0.000000143362129 
-0.000000059928993 
-0.000000469457405 
-0.000065857529989 
-0.001329329214059 
-0.007640014402568 
-0.015439578332007 
-0.009119768626988 
l=5 j=1 A.y 
0.000000000000000 
0.092594787478447 
0.077620066702366 
0.025185765698552 
0.003209285438061 
0.000123208228615 
0.000000702864611 
0.000000074897791 
-0.000000143362143 
0.000000197308353 
-0.000000226073908 
0.000000228066426 
-0.000000206993306 
0.000000169402497 
-0.000000117992393 
0.000000061818277 
0.000000000000000 
-0.000000061235610 
0.000000118857358 
-0.000000169202863 
0.000000207023277 
-0.000000228209814 
0.000000224600072 
-0.000000199777233 
0.000000143362143 
-0.000000073023706 
-0.000000702592786 
-0.000123210833408 
-0.003209285438061 
-0.025185767561197 
-0.077620066702366 
-0.092594787478447 
l=5 j=2 A.x 
0.077945373952389 
-0.008453567512333 
-0.092707112431526 
-0.056069515645504 
-0.011194102466106 
-0.000654453586321 
-0.000008045287359 
0.000001936882427 
-0.000001776434488 
0.000001509288268 
-0.000001180193408 
0.000000851639527 
-0.000000554844974 
0.000000316556708 
-0.000000139346852 
0.000000035437889 
-0.000000000000002 
0.000000035188062 
-0.000000141146558 
0.000000314965433 
-0.000000555453084 
0.000000849707646 
-0.000001184137432 
0.000001507491334 
-0.000001776434829 
0.000001933577551 
-0.000008053499187 
-0.000654459523503 
-0.011194103397429 
-0.056069523096085 
-0.092707119882107 
-0.008453567512333 
l=5 j=2 A.y 
0.000000000000000 
-0.000832604302559 
-0.018440596759319 
-0.017008511349559 
-0.004636749625206 
-0.000349812820787 
-0.000005375690307 
0.000001589559020 
-0.000001776434715 
0.000001839073548 
-0.000001766284640 
0.000001593306138 
-0.000001339514711 
0.000001043548195 
-0.000000700544547 
0.000000359807814 
0.000000000000000 
-0.000000357270153 
0.000000709591404 
-0.000001038301434 
0.000001340982180 
-0.000001589690669 
0.000001772186465 
-0.000001836882689 
0.000001776434715 
-0.000001586845769 
0.000005381175015 
0.000349815760273 
0.004636748228222 
0.017008494585752 
0.018440576270223 
0.000832601741422 
l=5 j=3 A.x 
-0.000000000000025 
-0.006567891687155 
0.009347872808576 
0.025744918733835 
0.011884495615959 
0.001412719488144 
0.000026728757803 
-0.000000669794645 
0.000001950885462 
-0.000003438881322 
0.000004891667686 
-0.000006159499208 
0.000007183457910 
-0.000007955415640 
0.000008504202924 
-0.000008825391888 
0.000008925040675 
-0.000008819980394 
0.000008501570846 
-0.000007961529263 
0.000007182811714 
-0.000006155626579 
0.000004893000551 
-0.000003441240324 
0.000001950885007 
-0.000000665992218 
0.000026728635930 
0.001412717392668 
0.011884490959346 
0.025744892656803 
0.009347861632705 
-0.006567871663719 
l=5 j=3 A.y 
0.000000000000000 
0.066684871912003 
-0.046994913369417 
-0.084869578480721 
-0.028691707178950 
-0.002643011510372 
-0.000040002400056 
0.000000816146837 
-0.000001950885235 
0.000002822216402 
-0.000003268507271 
0.000003292319434 
-0.000002975484904 
0.000002413247557 
-0.000001691589659 
0.000000869223129 
0.000000000000000 
-0.000000868692894 
0.000001691068178 
-0.000002415104746 
0.000002975218422 
-0.000003290251925 
0.000003269399485 
-0.000002824154080 
0.000001950885235 
-0.000000811514042 
0.000040002239984 
0.002643009647727 
0.028691707178950 
0.084869585931301 
0.046994913369417 
-0.066684879362583 
l=6 j=0 A.x 
0.115009985864162 
0.076485604047775 
0.018651641905308 
-0.001036341418512 
-0.000719698087778 
-0.000023646467525 
-0.000000518312845 
0.000000925641018 
-0.000001027967755 
0.000001099251904 
-0.000001136668402 
0.000001148138722 
-0.000001147416924 
0.000001141276357 
-0.000001132169245 
0.000001131456997 
-0.000001126974325 
0.000001128884946 
-0.000001133859882 
0.000001141869916 
-0.000001147462513 
0.000001149034460 
-0.000001135190928 
0.000001103772206 
-0.000001027967869 
0.000000928503653 
-0.000000517345256 
-0.000023641743610 
-0.000719698204193 
-0.001036337227561 
0.018651634454727 
0.076485596597195 
l=6 j=0 A.y 
0.000000000000000 
-0.041531328111887 
-0.031928967684507 
-0.008203601464629 
-0.000466636731289 
0.000022362883101 
-0.000000578954428 
0.000000592407218 
-0.000000537026040 
0.000000447013207 
-0.000000353095459 
0.000000266406118 
-0.000000196058110 
0.000000135843848 
-0.000000087251927 
0.000000035732903 
0.000000000000000 
-0.000000042150322 
0.000000085715314 
-0.000000137652989 
0.000000196158808 
-0.000000268321713 
0.000000352993197 
-0.000000449273699 
0.000000537026040 
-0.000000596718962 
0.000000578134120 
-0.000022363634343 
0.000466636614874 
0.008203598670661 
0.031928971409798 
0.041531346738338 
l=6 j=1 A.x 
0.004398369230330 
0.043191816657782 
0.066604971885681 
0.028845099732280 
0.003071192884818 
-0.000109200562292 
0.000002126875643 
-0.000004632800028 
0.000005189731837 
-0.000005580541711 
0.000005753740879 
-0.000005795589459 
0.000005767703442 
-0.000005719030469 
0.000005668958693 
-0.000005645123110 
0.000005628184681 
-0.000005639476512 
0.000005672080533 
-0.000005719193268 
0.000005767698894 
-0.000005793050150 
0.000005755964139 
-0.000005580277048 
0.000005189732292 
-0.000004626696409 
0.000002133385351 
-0.000109196284029 
0.003071192419156 
0.028845105320215 
0.066604986786842 
0.043191842734814 
l=6 j=1 A.y 
0.000000000000000 
0.080224484205246 
0.045009911060333 
-0.000096866817330 
-0.003188509726897 
-0.000226287287660 
0.000006175511317 
-0.000003118489303 
0.000002793044587 
-0.000002284213224 
0.000001758694225 
-0.000001310137009 
0.000000941949054 
-0.000000648985520 
0.000000397973650 
-0.000000197444336 
0.000000000000000 
0.000000192735854 
-0.000000404724943 
0.000000644779163 
-0.000000942179781 
0.000001307647608 
-0.000001763900400 
0.000002278756938 
-0.000002793044587 
0.000003117529104 
-0.000006179705906 
0.000226282063522 
0.003188509959728 
0.000096873991424 
-0.045009892433882 
-0.080224469304085 
l=6 j=2 A.x 
0.076959438621998 
-0.002991963876411 
-0.055630091577768 
-0.007081072777510 
0.008527570404112 
0.001226153573953 
-0.000028109097912 
0.000016315423636 
-0.000018486687622 
0.000019944876840 
-0.000020460565793 
0.000020460180167 
-0.000020241681341 
0.000019969436835 
-0.000019745752070 
0.000019590326701 
-0.000019537788830 
0.000019590155716 
-0.000019741941287 
0.000019973480448 
-0.000020240891899 
0.000020458151994 
-0.000020464565750 
0.000019945035092 
-0.000018486689441 
0.000016314572349 
-0.000028112401196 
0.001226154388860 
0.008527572266757 
-0.007081053685397 
-0.055630076676607 
-0.002991961082444 
l=6 j=2 A.y 
0.000000000000000 
0.007030296139419 
0.073843955993652 
0.061549961566925 
0.012033613398671 
-0.000180677423486 
-0.000034782489820 
0.000011565781278 
-0.000010374919839 
0.000008302657989 
-0.000006257734640 
0.000004568933946 
-0.000003244251275 
0.000002203592658 
-0.000001360781653 
0.000000652139875 
0.000000000000000 
-0.000000652329106 
0.000001365535354 
-0.000002203381200 
0.000003242804723 
-0.000004570843885 
0.000006258691883 
-0.000008302955393 
0.000010374919839 
-0.000011567749425 
0.000034785101889 
0.000180677379831 
-0.012033611536026 
-0.061549961566925 
-0.073843970894814 
-0.007030290551484 
l=6 j=3 A.x 
0.005772630218416 
0.024239230901003 
-0.034551449120045 
-0.087291322648525 
-0.032684113830328 
-0.000614765391219 
0.000194681255380 
-0.000046282963012 
0.000053396008298 
-0.000057954632211 
0.000059146124840 
-0.000058762852859 
0.000057833276514 
-0.000056853030401 
0.000056060835050 
-0.000055557164160 
0.000055380405684 
-0.000055553216953 
0.000056059154304 
-0.000056855438743 
0.000057832599850 
-0.000058764555433 
0.000059145000705 
-0.000057957557146 
0.000053396011936 
-0.000046284294513 
0.000194677850232 
-0.000614771211985 
-0.032684113830328 
-0.087291330099106 
-0.034551456570625 
0.024239251390100 
l=6 j=3 A.y 
0.000000000000000 
0.062421347945929 
-0.024452062323689 
-0.019892344251275 
0.015095602720976 
0.004539767745882 
0.000018515283955 
-0.000033896740206 
0.000030974690162 
-0.000023874970793 
0.000017322297936 
-0.000012232425433 
0.000008445777894 
-0.000005601682915 
0.000003417532071 
-0.000001614962798 
0.000000000000000 
0.000001615407882 
-0.000003414026196 
0.000005608117135 
-0.000008442586477 
0.000012236720067 
-0.000017319574908 
0.000023874261387 
-0.000030974690162 
0.000033900214476 
-0.000018513064788 
-0.004539766348898 
-0.015095605514944 
0.019892318174243 
0.024452053010464 
-0.062421336770058 
l=7 j=0 A.x 
0.111052379012108 
0.040224019438028 
-0.026563588529825 
-0.010425854474306 
0.001051058527082 
0.000051540751883 
-0.000011709544196 
0.000012704403161 
-0.000015616515157 
0.000016826692445 
-0.000017084006686 
0.000016933905499 
-0.000016647769371 
0.000016357667846 
-0.000016123685782 
0.000015983656340 
-0.000015928235371 
0.000015978426745 
-0.000016125741240 
0.000016359108486 
-0.000016647669327 
0.000016933156076 
-0.000017084625142 
0.000016830543245 
-0.000015616516976 
0.000012703701032 
-0.000011712409105 
0.000051543138397 
0.001051058876328 
-0.010425849817693 
-0.026563597843051 
0.040223997086287 
l=7 j=0 A.y 
0.000000000000000 
-0.077255278825760 
-0.032019637525082 
0.005407254211605 
0.001544077764265 
-0.000150091698742 
-0.000001479156708 
0.000010241619748 
-0.000009051186680 
0.000006867629054 
-0.000004981804068 
0.000003537520115 
-0.000002459472853 
0.000001644869599 
-0.000001004998580 
0.000000475192820 
0.000000000000000 
-0.000000478271659 
0.000001007801984 
-0.000001644689746 
0.000002459290727 
-0.000003538494411 
0.000004984307452 
-0.000006866816420 
0.000009051186680 
-0.000010245316844 
0.000001480941137 
0.000150093474076 
-0.001544077647850 
-0.005407257936895 
0.032019630074501 
0.077255286276340 
l=7 j=1 A.x 
0.009186602197587 
0.075356572866440 
0.070259816944599 
-0.008868143893778 
-0.008294497616589 
0.000697873008903 
-0.000005595904895 
-0.000049955218856 
0.000067250475695 
-0.000072117858508 
0.000072278111475 
-0.000070843110734 
0.000069063295086 
-0.000067457571276 
0.000066243352194 
-0.000065493739385 
0.000065238273237 
-0.000065490690758 
0.000066241329478 
-0.000067459674028 
0.000069063054980 
-0.000070840913395 
0.000072282222391 
-0.000072116119554 
0.000067250482971 
-0.000049950205721 
-0.000005590817636 
0.000697875628248 
-0.008294497616589 
-0.008868148550391 
0.070259809494019 
0.075356587767601 
l=7 j=1 A.y 
0.000000000000000 
0.038819815963507 
-0.044746745377779 
-0.036138005554676 
0.002020480809733 
0.000694592774380 
-0.000010049776392 
-0.000048805897677 
0.000040444836486 
-0.000028949347325 
0.000020092620616 
-0.000013788191609 
0.000009325957762 
-0.000006104331078 
0.000003675703965 
-0.000001735958222 
0.000000000000000 
0.000001729951009 
-0.000003682084071 
0.000006102855423 
-0.000009325072824 
0.000013787746866 
-0.000020095292712 
0.000028944916266 
-0.000040444836486 
0.000048804860853 
0.000010046073839 
-0.000694595219102 
-0.002020481741056 
0.036138001829386 
0.044746760278940 
-0.038819793611765 
l=7 j=2 A.x 
0.073696881532669 
0.010346259921789 
0.039060086011887 
0.071055598556995 
0.003026888472959 
-0.004037162289023 
0.000293711695122 
0.000139399227919 
-0.000208866302273 
0.000220083238673 
-0.000216311425902 
0.000208931771340 
-0.000201603441383 
0.000195549611817 
-0.000191159124370 
0.000188513266039 
-0.000187634985195 
0.000188513993635 
-0.000191154496861 
0.000195549873752 
-0.000201604270842 
0.000208934870898 
-0.000216311047552 
0.000220084984903 
-0.000208866316825 
0.000139403462526 
0.000293716439046 
-0.004037155304104 
0.003026884049177 
0.071055598556995 
0.039060104638338 
0.010346261784434 
l=7 j=2 A.y 
0.000000000000000 
0.003876851638779 
0.074636675417423 
-0.000944387458730 
-0.024773111566901 
0.001222027931362 
-0.000130698739667 
0.000180474715307 
-0.000128577870782 
0.000084831764980 
-0.000055632495787 
0.000036528363125 
-0.000023841919756 
0.000015159788745 
-0.000008951894415 
0.000004148022526 
0.000000000000000 
-0.000004150851510 
0.000008947517017 
-0.000015166077901 
0.000023842500013 
-0.000036531677324 
0.000055627919210 
-0.000084834340669 
0.000128577870782 
-0.000180477058166 
0.000130695989355 
-0.001222032937221 
0.024773111566901 
0.000944408529904 
-0.074636660516262 
-0.003876850474626 
l=7 j=3 A.x 
0.012238563969731 
0.049550984054804 
-0.019357686862350 
-0.016157560050488 
0.046244736760855 
0.003186696209013 
-0.000972418056335 
-0.000367003900465 
0.000548046664335 
-0.000554318656214 
0.000529611541424 
-0.000502095965203 
0.000478544359794 
-0.000460434937850 
0.000447790109320 
-0.000440365169197 
0.000437915674411 
-0.000440363219241 
0.000447790924227 
-0.000460428680526 
0.000478547037346 
-0.000502098817378 
0.000529610377271 
-0.000554316968191 
0.000548046722542 
-0.000367001804989 
-0.000972418987658 
0.003186695976183 
0.046244744211435 
-0.016157528385520 
-0.019357683137059 
0.049551002681255 
l=7 j=3 A.y 
0.000000000000000 
0.043142624199390 
0.017941553145647 
0.085888810455799 
0.023992374539375 
-0.012972505763173 
0.001618152833544 
-0.000595890334807 
0.000333020900143 
-0.000197005269001 
0.000119986376376 
-0.000074263611168 
0.000046063101763 
-0.000028046673833 
0.000015983678168 
-0.000007247534995 
0.000000000000000 
0.000007242870197 
-0.000015981928300 
0.000028046157240 
-0.000046069297241 
0.000074259754911 
-0.000119985699712 
0.000197001849301 
-0.000333020900143 
0.000595886434894 
-0.001618152135052 
0.012972503900528 
-0.023992368951440 
-0.085888817906380 
-0.017941556870937 
-0.043142598122358 
l=8 j=0 A.x 
0.103253588080406 
-0.009246065281332 
-0.047336816787720 
0.013020645827055 
0.000779032241553 
-0.000561771681532 
-0.000040509468818 
0.000191456827451 
-0.000217224267544 
0.000213720239117 
-0.000203893898288 
0.000193884494365 
-0.000185405835509 
0.000178869973752 
-0.000174293993041 
0.000171600069734 
-0.000170703322510 
0.000171594263520 
-0.000174293498276 
0.000178871749085 
-0.000185406024684 
0.000193883694010 
-0.000203896401217 
0.000213722712942 
-0.000217224282096 
0.000191454440937 
-0.000040513281419 
-0.000561769469641 
0.000779031193815 
0.013020648621023 
-0.047336816787720 
-0.009246093221009 
l=8 j=0 A.y 
0.000000000000000 
-0.085445351898670 
0.015013634227216 
0.015330755151808 
-0.005840144585818 
0.001260037068278 
-0.000406808918342 
0.000203777701245 
-0.000118159041449 
0.000072221868322 
-0.000045339937060 
0.000028832459066 
-0.000018322749384 
0.000011391064618 
-0.000006597892025 
0.000003025724254 
0.000000000000000 
-0.000003025285423 
0.000006602317171 
-0.000011391512999 
0.000018322863980 
-0.000028833459510 
0.000045342196245 
-0.000072219183494 
0.000118159041449 
-0.000203780320589 
0.000406811566791 
-0.001260034972802 
0.005840144585818 
-0.015330750495195 
-0.015013643540442 
0.085445344448090 
l=8 j=1 A.x 
0.015131792984903 
0.071241587400436 
-0.011884963139892 
-0.049003377556801 
0.016830187290907 
-0.002318125218153 
0.000917672354262 
-0.000894008670002 
0.000840631895699 
-0.000769584788941 
0.000706558930688 
-0.000656507152598 
0.000618652848061 
-0.000591247924604 
0.000572754244786 
-0.000562071159948 
0.000558582250960 
-0.000562072324101 
0.000572749297135 
-0.000591246120166 
0.000618653954007 
-0.000656509189866 
0.000706560094841 
-0.000769582286011 
0.000840631953906 
-0.000894008320756 
0.000917670200579 
-0.002318126382306 
0.016830189153552 
-0.049003366380930 
-0.011884984560311 
0.071241587400436 
l=8 j=1 A.y 
0.000000000000000 
-0.011557742021978 
-0.083066135644913 
0.018619986250997 
0.013209936209023 
-0.006240012589842 
0.001992864767089 
-0.000795848434791 
0.000392334768549 
-0.000214328509173 
0.000122793659102 
-0.000071779562859 
0.000042022838898 
-0.000024143757400 
0.000013055710951 
-0.000005699916073 
0.000000000000000 
0.000005695169875 
-0.000013053985640 
0.000024146209398 
-0.000042025214498 
0.000071779402788 
-0.000122790515888 
0.000214327039430 
-0.000392334768549 
0.000795845524408 
-0.001992863370106 
0.006240012589842 
-0.013209934346378 
-0.018620003014803 
0.083066128194332 
0.011557766236365 
l=8 j=2 A.x 
0.066978454589844 
0.018419060856104 
0.063705712556839 
-0.005093934480101 
-0.043354261666536 
0.017815459519625 
-0.005750435404480 
0.003147253300995 
-0.002374709816650 
0.001986273098737 
-0.001741862273775 
0.001576271373779 
-0.001461494597606 
0.001382632413879 
-0.001331083010882 
0.001301884418353 
-0.001292422530241 
0.001301884301938 
-0.001331083010882 
0.001382627873681 
-0.001461495528929 
0.001576274284162 
-0.001741859596223 
0.001986274495721 
-0.002374709816650 
0.003147255629301 
-0.005750431213528 
0.017815459519625 
-0.043354261666536 
-0.005093957763165 
0.063705712556839 
0.018419055268168 
l=8 j=2 A.y 
0.000000000000000 
-0.014316208660603 
-0.006926527712494 
-0.077643431723118 
0.018190292641521 
0.007617873139679 
-0.004523986019194 
0.001812209957279 
-0.000788604433183 
0.000374492927222 
-0.000183464799193 
0.000088185835921 
-0.000039459573600 
0.000015234103557 
-0.000004380175596 
0.000000632093020 
0.000000000000000 
-0.000000633419063 
0.000004374491255 
-0.000015234689272 
0.000039463702706 
-0.000088184853666 
0.000183461816050 
-0.000374493480194 
0.000788604433183 
-0.001812208094634 
0.004523981362581 
-0.007617867086083 
-0.018190298229456 
0.077643424272537 
0.006926540751010 
0.014316205866635 
l=8 j=3 A.x 
0.020441520959139 
0.058722943067551 
0.021721635013819 
0.066480949521065 
0.003757230937481 
-0.035341139882803 
0.017634959891438 
-0.008544255048037 
0.005487063899636 
-0.004201032686979 
0.003513999748975 
-0.003094989573583 
0.002823120448738 
-0.002644032007083 
0.002530083525926 
-0.002466557780281 
0.002446124097332 
-0.002466556383297 
0.002530084224418 
-0.002644032472745 
0.002823117654771 
-0.003094985615462 
0.003514001611620 
-0.004201030824333 
0.005487063899636 
-0.008544249460101 
0.017634961754084 
-0.035341124981642 
0.003757217666134 
0.066480956971645 
0.021721636876464 
0.058722950518131 
l=8 j=3 A.y 
0.000000000000000 
0.010535040870309 
-0.000061152939452 
0.007078813388944 
-0.069619864225388 
0.017739191651344 
0.001549723441713 
-0.001774038653821 
0.000757026486099 
-0.000255999417277 
0.000039973310777 
0.000048010966566 
-0.000075719959568 
0.000073293500463 
-0.000055276694184 
0.000029311768230 
0.000000000000000 
-0.000029317958251 
0.000055273852922 
-0.000073300216172 
0.000075722527981 
-0.000048013549531 
-0.000039975730033 
0.000255994411418 
-0.000757026486099 
0.001774032250978 
-0.001549721462652 
-0.017739206552505 
0.069619864225388 
-0.007078791502863 
0.000061156191805 
-0.010535021312535 
l=9 j=0 A.x 
0.087879858911037 
-0.050276119261980 
-0.007895636372268 
0.027211889624596 
-0.020057015120983 
0.011091943830252 
-0.006319164764136 
0.004162909463048 
-0.003123413305730 
0.002553388010710 
-0.002205366967246 
0.001978003187105 
-0.001824502600357 
0.001720852567814 
-0.001653856714256 
0.001616151421331 
-0.001603966346011 
0.001616147696041 
-0.001653853571042 
0.001720851520076 
-0.001824503066018 
0.001978003885597 
-0.002205368829891 
0.002553388243541 
-0.003123413305730 
0.004162907134742 
-0.006319164298475 
0.011091942898929 
-0.020057015120983 
0.027211876586080 
-0.007895622402430 
-0.050276141613722 
l=9 j=0 A.y 
0.000000000000000 
-0.061367217451334 
0.058326572179794 
-0.024911262094975 
0.004662859253585 
0.000766817713156 
-0.001081485650502 
0.000630667607766 
-0.000295965874102 
0.000112141067802 
-0.000019618209990 
-0.000022879918106 
0.000037951336708 
-0.000037714809878 
0.000028894570278 
-0.000015454917957 
0.000000000000000 
0.000015458534108 
-0.000028894082789 
0.000037714034988 
-0.000037949415855 
0.000022880134566 
0.000019617174985 
-0.000112137480755 
0.000295965874102 
-0.000630665977951 
0.001081484602764 
-0.000766812532675 
-0.004662861116230 
0.024911269545555 
-0.058326568454504 
0.061367195099592 
l=9 j=1 A.x 
0.024108178913593 
0.029112426564097 
-0.068337552249432 
0.024737626314163 
0.015557615086436 
-0.022194679826498 
0.016650430858135 
-0.011508930474520 
0.008426680229604 
-0.006661777384579 
0.005603879224509 
-0.004934844560921 
0.004496622364968 
-0.004207677207887 
0.004024064633995 
-0.003921843133867 
0.003888997482136 
-0.003921846393496 
0.004024063702673 
-0.004207673482597 
0.004496620967984 
-0.004934844560921 
0.005603876430541 
-0.006661774124950 
0.008426680229604 
-0.011508928611875 
0.016650421544909 
-0.022194666787982 
0.015557607635856 
0.024737650528550 
-0.068337559700012 
0.029112415388227 
l=9 j=1 A.y 
0.000000000000000 
-0.042052559554577 
-0.015933509916067 
0.059150852262974 
-0.043319538235664 
0.018827503547072 
-0.006876309867948 
0.002827289514244 
-0.001538400421850 
0.001050118939020 
-0.000796311593149 
0.000620595703367 
-0.000476454850286 
0.000347825611243 
-0.000227861004532 
0.000112801579235 
0.000000000000000 
-0.000112805231765 
0.000227867654758 
-0.000347828958184 
0.000476455257740 
-0.000620599137619 
0.000796315667685 
-0.001050120918080 
0.001538400421850 
-0.002827297430485 
0.006876316852868 
-0.018827510997653 
0.043319534510374 
-0.059150841087103 
0.015933493152261 
0.042052574455738 
l=9 j=2 A.x 
0.054268639534712 
0.008184549398720 
-0.009946169331670 
-0.055890738964081 
0.042425200343132 
-0.001279872492887 
-0.015619044192135 
0.016590965911746 
-0.013925721868873 
0.011494157835841 
-0.009787938557565 
0.008642322383821 
-0.007874801754951 
0.007364770397544 
-0.007040001451969 
0.006859182380140 
-0.006801081821322 
0.006859179120511 
-0.007040003780276 
0.007364771794528 
-0.007874798029661 
0.008642315864563 
-0.009787935763597 
0.011494155041873 
-0.013925720006227 
0.016590954735875 
-0.015619037672877 
-0.001279892865568 
0.042425211519003 
-0.055890738964081 
-0.009946176782250 
0.008184538222849 
l=9 j=2 A.y 
0.000000000000000 
-0.036236803978682 
-0.033587880432606 
0.015284189023077 
0.041933972388506 
-0.046861704438925 
0.028725616633892 
-0.015234998427331 
0.008479542098939 
-0.005228851456195 
0.003507046261802 
-0.002465776400641 
0.001753121148795 
-0.001212593051605 
0.000766744080465 
-0.000372043054085 
0.000000000000000 
0.000372046051780 
-0.000766744546127 
0.001212601317093 
-0.001753128715791 
0.002465781290084 
-0.003507046028972 
0.005228857975453 
-0.008479542098939 
0.015235003083944 
-0.028725616633892 
0.046861704438925 
-0.041933964937925 
-0.015284213237464 
0.033587880432606 
0.036236800253391 
l=9 j=3 A.x 
0.030765859410167 
0.038016464561224 
-0.006456620525569 
-0.024951901286840 
-0.040671363472939 
0.046989794820547 
-0.013820389285684 
-0.006805009674281 
0.013106785714626 
-0.013735640794039 
0.012925033457577 
-0.011976778507233 
0.011197860352695 
-0.010626940056682 
0.010244038887322 
-0.010024914517999 
0.009953665547073 
-0.010024916380644 
0.010244036093354 
-0.010626938194036 
0.011197859421372 
-0.011976773850620 
0.012925027869642 
-0.013735629618168 
0.013106781989336 
-0.006804993376136 
-0.013820402324200 
0.046989805996418 
-0.040671359747648 
-0.024951905012131 
-0.006456631701440 
0.038016457110643 
l=9 j=3 A.y 
0.000000000000000 
-0.025200825184584 
-0.040076296776533 
-0.022570142522454 
0.029270520433784 
0.024556253105402 
-0.041749835014343 
0.032390832901001 
-0.021024895831943 
0.013521811924875 
-0.009013957343996 
0.006202662363648 
-0.004310077056289 
0.002924552187324 
-0.001823720755056 
0.000877593120094 
0.000000000000000 
-0.000877601327375 
0.001823726692237 
-0.002924557775259 
0.004310081712902 
-0.006202670279890 
0.009013963863254 
-0.013521818444133 
0.021024895831943 
-0.032390832901001 
0.041749831289053 
-0.024556232616305 
-0.029270526021719 
0.022570138797164 
0.040076289325953 
0.025200838223100 
