l=1 j=0 
0.000000018697373 
0.000000006040644 
0.000000001891399 
0.000000000573888 
0.000000000168707 
0.000000000048039 
0.000000000013245 
0.000000000003535 
0.000000000000913 
0.000000000000228 
0.000000000000055 
0.000000000000013 
0.000000000000003 
0.000000000000001 
0.000000000000000 
0.000000000000000 
0.000000000000000 
0.000000000000000 
0.000000000000000 
0.000000000000000 
0.000000000000000 
0.000000000000000 
0.000000000000000 
0.000000000000000 
0.000000000000000 
0.000000000000000 
0.000000000000000 
0.000000000000000 
0.000000000000000 
0.000000000000000 
0.000000000000000 
0.000000000000000 
0.036194205284119 
0.095760866999626 
0.177724644541740 
0.267134934663773 
0.344869732856751 
0.394888788461685 
0.409253060817719 
0.389277309179306 
0.343310326337814 
0.282895267009735 
0.219129741191864 
0.160332530736923 
0.111252926290035 
0.073451995849609 
0.046270407736301 
0.027876259759068 
0.016094366088510 
0.008920251391828 
0.004753335844725 
0.002438409719616 
0.001205582055263 
0.000575042678975 
0.000264845235506 
0.000117868810776 
0.000050722661399 
0.000021117526558 
0.000008509948202 
0.000003320662017 
0.000001255092229 
0.000000459609936 
0.000000163097383 
0.000000056092119 
l=1 j=1 
0.000000201800475 
0.000000067733410 
0.000000022002467 
0.000000006916991 
0.000000002104255 
0.000000000619355 
0.000000000176333 
0.000000000048544 
0.000000000012917 
0.000000000003321 
0.000000000000824 
0.000000000000197 
0.000000000000046 
0.000000000000010 
0.000000000000002 
0.000000000000000 
0.000000000000000 
0.000000000000000 
0.000000000000000 
0.000000000000000 
0.000000000000000 
0.000000000000000 
0.000000000000000 
0.000000000000000 
0.000000000000000 
0.000000000000000 
0.000000000000000 
0.000000000000000 
0.000000000000000 
0.000000000000000 
0.000000000000000 
0.000000000000000 
-0.095760866999626 
-0.213143661618233 
-0.320940554141998 
-0.370214223861694 
-0.333112835884094 
-0.215589016675949 
-0.051561038941145 
0.114436775445938 
0.245100528001785 
0.320773094892502 
0.340495616197586 
0.316466659307480 
0.266314476728439 
0.206674486398697 
0.149624437093735 
0.101850278675556 
0.065562285482883 
0.040083840489388 
0.023355696350336 
0.013005254790187 
0.006936267018318 
0.003549979999661 
0.001746225287206 
0.000826654140837 
0.000377036805730 
0.000165841469425 
0.000070404697908 
0.000028867121728 
0.000011437835383 
0.000004381509370 
0.000001623318781 
0.000000581844972 
l=1 j=2 
0.000001490816885 
0.000000520828905 
0.000000175822393 
0.000000057359205 
0.000000018083631 
0.000000005509195 
0.000000001621585 
0.000000000461032 
0.000000000126565 
0.000000000033535 
0.000000000008571 
0.000000000002112 
0.000000000000501 
0.000000000000114 
0.000000000000025 
0.000000000000005 
0.000000000000001 
0.000000000000000 
0.000000000000000 
0.000000000000000 
0.000000000000000 
0.000000000000000 
0.000000000000000 
0.000000000000000 
0.000000000000000 
0.000000000000000 
0.000000000000000 
0.000000000000000 
0.000000000000000 
0.000000000000000 
0.000000000000000 
0.000000000000000 
0.177724644541740 
0.320940554141998 
0.363282591104507 
0.263954818248749 
0.063297167420387 
-0.145948126912117 
-0.274732202291489 
-0.280897170305252 
-0.178674906492233 
-0.019204182550311 
0.139388903975487 
0.255171239376068 
0.311324268579483 
0.312656104564667 
0.276062518358231 
0.220986038446426 
0.163195595145226 
0.112429723143578 
0.072817541658878 
0.044588886201382 
0.025925170630217 
0.014361073262990 
0.007599732838571 
0.003850478678942 
0.001871230546385 
0.000873563636560 
0.000392253539758 
0.000169591963640 
0.000070663503720 
0.000028396132620 
0.000011012331015 
0.000004122699011 
l=1 j=3 
0.000008686968613 
0.000003165476301 
0.000001112641826 
0.000000377329883 
0.000000123479623 
0.000000038993555 
0.000000011881905 
0.000000003493047 
0.000000000990453 
0.000000000270779 
0.000000000071341 
0.000000000018103 
0.000000000004421 
0.000000000001038 
0.000000000000234 
0.000000000000051 
0.000000000000011 
0.000000000000002 
0.000000000000000 
0.000000000000000 
0.000000000000000 
0.000000000000000 
0.000000000000000 
0.000000000000000 
0.000000000000000 
0.000000000000000 
0.000000000000000 
0.000000000000000 
0.000000000000000 
0.000000000000000 
0.000000000000000 
0.000000000000000 
-0.267134934663773 
-0.370214223861694 
-0.263954818248749 
-0.013951401226223 
0.213378027081490 
0.281756371259689 
0.171065419912338 
-0.031906452029943 
-0.206160113215447 
-0.269253462553024 
-0.208155557513237 
-0.065587714314461 
0.095301330089569 
0.222780913114548 
0.291779786348343 
0.302773654460907 
0.271753311157227 
0.219106182456017 
0.161996349692345 
0.111250467598438 
0.071586892008781 
0.043434374034405 
0.024966629222035 
0.013646186329424 
0.007113097701222 
0.003544299397618 
0.001691483776085 
0.000774400832597 
0.000340565107763 
0.000144028497743 
0.000058628113038 
0.000022987464035 
l=2 j=0 
0.000197422399651 
0.000095673203759 
0.000044934662583 
0.000020451090677 
0.000009018082892 
0.000003851813744 
0.000001593052730 
0.000000637731489 
0.000000246992329 
0.000000092496535 
0.000000033472038 
0.000000011695737 
0.000000003942632 
0.000000001280934 
0.000000000400640 
0.000000000120476 
0.000000000034778 
0.000000000009621 
0.000000000002546 
0.000000000000643 
0.000000000000154 
0.000000000000035 
0.000000000000008 
0.000000000000002 
0.000000000000000 
0.000000000000000 
0.000000000000000 
0.000000000000000 
0.000000000000000 
0.000000000000000 
0.000000000000000 
0.000000000000000 
0.000885797780938 
0.003515400923789 
0.009786462411284 
0.022064801305532 
0.042728304862976 
0.073388271033764 
0.114086702466011 
0.162777155637741 
0.215333938598633 
0.266159862279892 
0.309249818325043 
0.339407205581665 
0.353266209363937 
0.349852919578552 
0.330579936504364 
0.298743814229965 
0.258719742298126 
0.215091884136200 
0.171924069523811 
0.132292777299881 
0.098110951483250 
0.070195950567722 
0.048494823276997 
0.032373778522015 
0.020897185429931 
0.013050287961960 
0.007888514548540 
0.004617258440703 
0.002617739606649 
0.001437909202650 
0.000765385630075 
0.000394844799303 
l=2 j=1 
0.001206334913149 
0.000614738208242 
0.000302876083879 
0.000144289326272 
0.000066466040153 
0.000029602257200 
0.000012744816559 
0.000005302876616 
0.000002131590463 
0.000000827396264 
0.000000309955425 
0.000000111987852 
0.000000038992908 
0.000000013071985 
0.000000004214736 
0.000000001305353 
0.000000000387777 
0.000000000110306 
0.000000000029986 
0.000000000007772 
0.000000000001915 
0.000000000000447 
0.000000000000099 
0.000000000000020 
0.000000000000004 
0.000000000000001 
0.000000000000000 
0.000000000000000 
0.000000000000000 
0.000000000000000 
0.000000000000000 
0.000000000000000 
-0.003515400923789 
-0.012844067998230 
-0.032673925161362 
-0.066717684268951 
-0.115740098059177 
-0.175675004720688 
-0.237163960933685 
-0.287111908197403 
-0.311989545822144 
-0.301796913146973 
-0.253251791000366 
-0.171045154333115 
-0.066761039197445 
0.044077325612307 
0.145772054791451 
0.225829094648361 
0.277062773704529 
0.298089325428009 
0.292415350675583 
0.266677170991898 
0.228675141930580 
0.185721039772034 
0.143579676747322 
0.106046535074711 
0.075034737586975 
0.050969634205103 
0.033294290304184 
0.020941916853189 
0.012697461061180 
0.007427540607750 
0.004194684326649 
0.002288305433467 
l=2 j=2 
0.004950887523592 
0.002664458937943 
0.001382323098369 
0.000691609981004 
0.000333795178449 
0.000155426969286 
0.000069824629463 
0.000030261131542 
0.000012649253222 
0.000005098084785 
0.000001980248499 
0.000000740895473 
0.000000266818063 
0.000000092411931 
0.000000030750975 
0.000000009819566 
0.000000003004847 
0.000000000879706 
0.000000000245924 
0.000000000065498 
0.000000000016575 
0.000000000003972 
0.000000000000898 
0.000000000000191 
0.000000000000038 
0.000000000000007 
0.000000000000001 
0.000000000000000 
0.000000000000000 
0.000000000000000 
0.000000000000000 
0.000000000000000 
0.009786462411284 
0.032673925161362 
0.075182087719440 
0.137053847312927 
0.208600491285324 
0.271099507808685 
0.302043706178665 
0.283617526292801 
0.210740238428116 
0.094857573509216 
-0.038487616926432 
-0.157443150877953 
-0.233817413449287 
-0.251349568367004 
-0.209451466798782 
-0.121680304408073 
-0.010245106182992 
0.100992940366268 
0.192570954561234 
0.252954095602036 
0.279173612594605 
0.275190979242325 
0.249097928404808 
0.210244268178940 
0.167039364576340 
0.125725567340851 
0.090054467320442 
0.061590947210789 
0.040323939174414 
0.025322085246444 
0.015275581739843 
0.008863126859069 
l=2 j=3 
0.015659086406231 
0.008948169648647 
0.004910989198834 
0.002590866526589 
0.001314741792157 
0.000642023107503 
0.000301784864860 
0.000136563801789 
0.000059491765569 
0.000024945486075 
0.000010064941307 
0.000003905921403 
0.000001457046324 
0.000000522079972 
0.000000179521365 
0.000000059173786 
0.000000018672454 
0.000000005631817 
0.000000001620539 
0.000000000443885 
0.000000000115433 
0.000000000028409 
0.000000000006591 
0.000000000001435 
0.000000000000291 
0.000000000000055 
0.000000000000009 
0.000000000000001 
0.000000000000000 
0.000000000000000 
0.000000000000000 
0.000000000000000 
-0.022064801305532 
-0.066717684268951 
-0.137053847312927 
-0.218625962734222 
-0.282521873712540 
-0.296276569366455 
-0.240166038274765 
-0.120075769722462 
0.030931612476707 
0.164282858371735 
0.235495567321777 
0.222267597913742 
0.132734403014183 
0.000877809128724 
-0.127735555171967 
-0.212878525257111 
-0.232232913374901 
-0.185650900006294 
-0.091235034167767 
0.023567259311676 
0.131638482213020 
0.213290154933929 
0.259294569492340 
0.270165711641312 
0.253105849027634 
0.218272984027863 
0.175632447004318 
0.133008226752281 
0.095367446541786 
0.065016701817513 
0.042279835790396 
0.026289146393538 
l=3 j=0 
0.016367463395000 
0.010385247878730 
0.006386305205524 
0.003805627115071 
0.002197179943323 
0.001228735083714 
0.000665372295771 
0.000348749861587 
0.000176848450792 
0.000086713131168 
0.000041084989789 
0.000018796205040 
0.000008296033229 
0.000003529007699 
0.000001445178668 
0.000000568995347 
0.000000215060012 
0.000000077896665 
0.000000026984196 
0.000000008918826 
0.000000002804841 
0.000000000836524 
0.000000000235664 
0.000000000062409 
0.000000000015442 
0.000000000003543 
0.000000000000746 
0.000000000000142 
0.000000000000024 
0.000000000000003 
0.000000000000000 
0.000000000000000 
0.000013200435205 
0.000068591478339 
0.000250012992183 
0.000738037633710 
0.001871266867965 
0.004208122380078 
0.008565216325223 
0.016000676900148 
0.027713984251022 
0.044850848615170 
0.068230591714382 
0.098046556115150 
0.133614927530289 
0.173252701759338 
0.214344635605812 
0.253616005182266 
0.287573516368866 
0.313029259443283 
0.327596455812454 
0.330050408840179 
0.320481687784195 
0.300219863653183 
0.271559089422226 
0.237358033657074 
0.200604155659676 
0.164026424288750 
0.129816696047783 
0.099485814571381 
0.073849067091942 
0.053111873567104 
0.037015367299318 
0.025001714006066 
l=3 j=1 
0.058948501944542 
0.040258359164000 
0.026512255892158 
0.016845045611262 
0.010329559445381 
0.006114442832768 
0.003493961878121 
0.001927215023898 
0.001025897101499 
0.000526862393599 
0.000260924716713 
0.000124539554236 
0.000057248518715 
0.000025322886358 
0.000010767402273 
0.000004395771157 
0.000001720571618 
0.000000644622503 
0.000000230722506 
0.000000078710521 
0.000000025524447 
0.000000007842467 
0.000000002274156 
0.000000000619401 
0.000000000157507 
0.000000000037109 
0.000000000008019 
0.000000000001567 
0.000000000000272 
0.000000000000040 
0.000000000000005 
0.000000000000000 
-0.000068591478339 
-0.000337553996360 
-0.001161634223536 
-0.003226232714951 
-0.007665527984500 
-0.016081376001239 
-0.030377225950360 
-0.052348636090755 
-0.083051130175591 
-0.122074775397778 
-0.166951075196266 
-0.212950915098190 
-0.253468602895737 
-0.281029641628265 
-0.288754492998123 
-0.271932631731033 
-0.229280412197113 
-0.163515388965607 
-0.081059105694294 
0.009074033237994 
0.096920579671860 
0.173332020640373 
0.231444090604782 
0.267551809549332 
0.281274378299713 
0.275083005428314 
0.253401398658752 
0.221547186374664 
0.184759363532066 
0.147479981184006 
0.112960115075111 
0.083171635866165 
l=3 j=2 
0.135042235255241 
0.100680224597454 
0.071821577847004 
0.049113839864731 
0.032238636165857 
0.020332660526037 
0.012329543940723 
0.007191466633230 
0.004035480786115 
0.002178648253903 
0.001131416764110 
0.000565011519939 
0.000271189375781 
0.000125018530525 
0.000055307929870 
0.000023455742848 
0.000009523560948 
0.000003696291287 
0.000001368824769 
0.000000482600797 
0.000000161563193 
0.000000051195670 
0.000000015296283 
0.000000004288824 
0.000000001121776 
0.000000000271630 
0.000000000060281 
0.000000000012092 
0.000000000002148 
0.000000000000327 
0.000000000000040 
0.000000000000003 
0.000250012992183 
0.001161634223536 
0.003759969025850 
0.009779288433492 
0.021649518981576 
0.042065445333719 
0.073068223893642 
0.114774778485298 
0.164155066013336 
0.214432030916214 
0.255630940198898 
0.276481240987778 
0.267360031604767 
0.223462045192719 
0.147123351693153 
0.048370379954576 
-0.056706067174673 
-0.149423271417618 
-0.212856099009514 
-0.235788911581039 
-0.215139850974083 
-0.156248599290848 
-0.071105003356934 
0.024808771908283 
0.116076365113258 
0.190352737903595 
0.240176454186440 
0.263387948274612 
0.262357532978058 
0.242482095956802 
0.210474133491516 
0.172874689102173 
l=3 j=3 
0.219417065382004 
0.182864278554916 
0.143850654363632 
0.107349842786789 
0.076264537870884 
0.051708884537220 
0.033520676195621 
0.020802842453122 
0.012370184995234 
0.007051991764456 
0.003855196991935 
0.002021109685302 
0.001015900867060 
0.000489377765916 
0.000225779876928 
0.000099675933598 
0.000042059793486 
0.000016939600755 
0.000006500527434 
0.000002371881010 
0.000000820790831 
0.000000268550451 
0.000000082761993 
0.000000023911934 
0.000000006439017 
0.000000001603826 
0.000000000365826 
0.000000000075365 
0.000000000013743 
0.000000000002148 
0.000000000000272 
0.000000000000024 
-0.000738037633710 
-0.003226232714951 
-0.009779288433492 
-0.023688701912761 
-0.048519331961870 
-0.086511209607124 
-0.136472836136818 
-0.192042365670204 
-0.241452261805534 
-0.269629031419754 
-0.262562990188599 
-0.212722972035408 
-0.123441398143768 
-0.010181683115661 
0.102415561676025 
0.187171965837479 
0.222580030560494 
0.199679538607597 
0.125096142292023 
0.019155394285917 
-0.090192683041096 
-0.175446391105652 
-0.216897070407867 
-0.207032084465027 
-0.151019319891930 
-0.063695803284645 
0.035491641610861 
0.127789184451103 
0.199179366230965 
0.242370545864105 
0.256719678640366 
0.246655330061913 
l=4 j=0 
0.149735897779465 
0.118496134877205 
0.090882390737534 
0.067545913159847 
0.048638615757227 
0.033924747258425 
0.022912150248885 
0.014978141523898 
0.009473008103669 
0.005793143529445 
0.003423381829634 
0.001953372731805 
0.001075296313502 
0.000570496602450 
0.000291383388685 
0.000143085184391 
0.000067451008363 
0.000030471259379 
0.000013165088603 
0.000005427061296 
0.000002128668712 
0.000000791809725 
0.000000278213577 
0.000000091890925 
0.000000028358155 
0.000000008114166 
0.000000002130885 
0.000000000506493 
0.000000000106778 
0.000000000019334 
0.000000000002835 
0.000000000000292 
0.000000102745872 
0.000000665869379 
0.000003027082357 
0.000011145072676 
0.000035243814636 
0.000098850367067 
0.000250940647675 
0.000584674009588 
0.001263040234335 
0.002549362834543 
0.004837075714022 
0.008669196628034 
0.014734801836312 
0.023829342797399 
0.036769475787878 
0.054261799901724 
0.076737776398659 
0.104180887341499 
0.135983139276505 
0.170871213078499 
0.206935316324234 
0.241776213049889 
0.272760361433029 
0.297347038984299 
0.313431292772293 
0.319638460874558 
0.315513938665390 
0.301572591066361 
0.279201984405518 
0.250442415475845 
0.217691302299500 
0.183388277888298 
l=4 j=1 
0.261853843927383 
0.237696558237076 
0.205677375197411 
0.170235157012940 
0.135091826319695 
0.102949142456055 
0.075422324240208 
0.053157079964876 
0.036055684089661 
0.023539405316114 
0.014790699817240 
0.008941887877882 
0.005198883824050 
0.002904974855483 
0.001558662974276 
0.000802186375950 
0.000395500828745 
0.000186505421880 
0.000083965242084 
0.000036008790630 
0.000014671244571 
0.000005660955594 
0.000002060605766 
0.000000704227489 
0.000000224622255 
0.000000066358282 
0.000000017974543 
0.000000004402649 
0.000000000955620 
0.000000000178008 
0.000000000026834 
0.000000000002835 
-0.000000665869379 
-0.000004144083505 
-0.000018060773073 
-0.000063629719079 
-0.000192151099327 
-0.000513515726198 
-0.001239071483724 
-0.002736587310210 
-0.005586885381490 
-0.010621131397784 
-0.018908217549324 
-0.031658571213484 
-0.050019841641188 
-0.074764601886272 
-0.105908192694187 
-0.142337217926979 
-0.181560397148132 
-0.219697952270508 
-0.251791864633560 
-0.272448658943176 
-0.276733696460724 
-0.261148154735565 
-0.224468454718590 
-0.168232694268227 
-0.096726998686790 
-0.016440428793430 
0.064913138747215 
0.139600992202759 
0.201048403978348 
0.244745984673500 
0.268723994493485 
0.273541778326035 
l=4 j=2 
0.210071206092835 
0.246683955192566 
0.259461700916290 
0.251428127288818 
0.227824509143829 
0.194728210568428 
0.157870873808861 
0.121844433248043 
0.089743949472904 
0.063184447586536 
0.042566891759634 
0.027456309646368 
0.016959374770522 
0.010030508972704 
0.005678071640432 
0.003074245527387 
0.001590395113453 
0.000785119715147 
0.000369248882635 
0.000165110395756 
0.000070019945269 
0.000028076225135 
0.000010604695490 
0.000003755599892 
0.000001239749508 
0.000000378600731 
0.000000105894671 
0.000000026755684 
0.000000005984900 
0.000000001147862 
0.000000000178008 
0.000000000019334 
0.000003027082357 
0.000018060773073 
0.000075312724221 
0.000253327132668 
0.000728651008103 
0.001849833643064 
0.004227509722114 
0.008813442662358 
0.016919510439038 
0.030112793669105 
0.049929283559322 
0.077388204634190 
0.112362936139107 
0.152956962585449 
0.195109829306603 
0.232676386833191 
0.258149743080139 
0.264031022787094 
0.244625136256218 
0.197835817933083 
0.126429155468941 
0.038296625018120 
-0.054519861936569 
-0.137932419776917 
-0.198586300015450 
-0.226628497242928 
-0.217754557728767 
-0.174012690782547 
-0.103191085159779 
-0.017001139000058 
0.071426264941692 
0.150082111358643 
l=4 j=3 
-0.012679302133620 
0.079786390066147 
0.159562021493912 
0.216492876410484 
0.246319413185120 
0.250223606824875 
0.233303010463715 
0.202608302235603 
0.165321186184883 
0.127448171377182 
0.093162745237350 
0.064726926386356 
0.042806982994080 
0.026971269398928 
0.016195295378566 
0.009266741573811 
0.005049976054579 
0.002618650440127 
0.001290378742851 
0.000603174208663 
0.000266852730419 
0.000111420304165 
0.000043748714234 
0.000016081092326 
0.000005502009572 
0.000001739200798 
0.000000502915668 
0.000000131219821 
0.000000030279288 
0.000000005984900 
0.000000000955620 
0.000000000106778 
-0.000011145072676 
-0.000063629719079 
-0.000253327132668 
-0.000811513571534 
-0.002216711174697 
-0.005327304825187 
-0.011482907459140 
-0.022483225911856 
-0.040334489196539 
-0.066684283316135 
-0.101965479552746 
-0.144428893923760 
-0.189410433173180 
-0.229266151785851 
-0.254332423210144 
-0.254991114139557 
-0.224494844675064 
-0.161780521273613 
-0.073267228901386 
0.027246046811342 
0.120963983237743 
0.188385263085365 
0.214389875531197 
0.192596614360809 
0.127566412091255 
0.034051116555929 
-0.066577076911926 
-0.151674419641495 
-0.202865332365036 
-0.210187777876854 
-0.173781409859657 
-0.102879025042057 
l=5 j=0 
0.315193206071854 
0.305492609739304 
0.286960333585739 
0.261208236217499 
0.230364009737968 
0.196786656975746 
0.162776052951813 
0.130325153470039 
0.100949421525002 
0.075609408318996 
0.054722070693970 
0.038241766393185 
0.025782594457269 
0.016753176227212 
0.010479835793376 
0.006302749272436 
0.003638893831521 
0.002013339428231 
0.001065359101631 
0.000537876505405 
0.000258387532085 
0.000117714494991 
0.000050656253734 
0.000020491463147 
0.000007745044968 
0.000002714160701 
0.000000872965700 
0.000000254130128 
0.000000065616121 
0.000000014551450 
0.000000002613517 
0.000000000329272 
0.000000000329272 
0.000000002613517 
0.000000014551450 
0.000000065616121 
0.000000254130128 
0.000000872965700 
0.000002714160701 
0.000007745044968 
0.000020491463147 
0.000050656253734 
0.000117714494991 
0.000258387532085 
0.000537876505405 
0.001065359101631 
0.002013339428231 
0.003638893831521 
0.006302749272436 
0.010479835793376 
0.016753176227212 
0.025782594457269 
0.038241766393185 
0.054722070693970 
0.075609408318996 
0.100949421525002 
0.130325153470039 
0.162776052951813 
0.196786656975746 
0.230364009737968 
0.261208236217499 
0.286960333585739 
0.305492609739304 
0.315193206071854 
l=5 j=1 
0.039710611104965 
0.115465357899666 
0.180768027901650 
0.230364009737968 
0.261208236217499 
0.272720664739609 
0.266602128744125 
0.246291384100914 
0.216213345527649 
0.180991917848587 
0.144780993461609 
0.110814228653908 
0.081207536160946 
0.056988947093487 
0.038289722055197 
0.024616224691272 
0.015129098668695 
0.008877992630005 
0.004966237116605 
0.002642876934260 
0.001334704458714 
0.000637717195787 
0.000287193979602 
0.000121339042380 
0.000047813417041 
0.000017439557269 
0.000005829117072 
0.000001760956366 
0.000000471210683 
0.000000108165310 
0.000000020085608 
0.000000002613517 
-0.000000002613517 
-0.000000020085608 
-0.000000108165310 
-0.000000471210683 
-0.000001760956366 
-0.000005829117072 
-0.000017439557269 
-0.000047813417041 
-0.000121339042380 
-0.000287193979602 
-0.000637717195787 
-0.001334704458714 
-0.002642876934260 
-0.004966237116605 
-0.008877992630005 
-0.015129098668695 
-0.024616224691272 
-0.038289722055197 
-0.056988947093487 
-0.081207536160946 
-0.110814228653908 
-0.144780993461609 
-0.180991917848587 
-0.216213345527649 
-0.246291384100914 
-0.266602128744125 
-0.272720664739609 
-0.261208236217499 
-0.230364009737968 
-0.180768027901650 
-0.115465357899666 
-0.039710611104965 
l=5 j=2 
-0.221099317073822 
-0.186643704771996 
-0.123374201357365 
-0.041374597698450 
0.046914383769035 
0.129134565591812 
0.195215940475464 
0.238870278000832 
0.258125662803650 
0.254924148321152 
0.234030902385712 
0.201624244451523 
0.163938820362091 
0.126238048076630 
0.092247150838375 
0.064036153256893 
0.042241141200066 
0.026469271630049 
0.015741933137178 
0.008872765116394 
0.004730084910989 
0.002378648612648 
0.001124477945268 
0.000497532659210 
0.000204874231713 
0.000077937424066 
0.000027121681342 
0.000008516479284 
0.000002365239880 
0.000000562726257 
0.000000108165310 
0.000000014551450 
0.000000014551450 
0.000000108165310 
0.000000562726257 
0.000002365239880 
0.000008516479284 
0.000027121681342 
0.000077937424066 
0.000204874231713 
0.000497532659210 
0.001124477945268 
0.002378648612648 
0.004730084910989 
0.008872765116394 
0.015741933137178 
0.026469271630049 
0.042241141200066 
0.064036153256893 
0.092247150838375 
0.126238048076630 
0.163938820362091 
0.201624244451523 
0.234030902385712 
0.254924148321152 
0.258125662803650 
0.238870278000832 
0.195215940475464 
0.129134565591812 
0.046914383769035 
-0.041374597698450 
-0.123374201357365 
-0.186643704771996 
-0.221099317073822 
l=5 j=3 
-0.049032397568226 
-0.136437997221947 
-0.194401785731316 
-0.211036384105682 
-0.183804586529732 
-0.119488358497620 
-0.031856622546911 
0.062129292637110 
0.146401748061180 
0.209060519933701 
0.244123101234436 
0.251585274934769 
0.236120700836182 
0.205047056078911 
0.166235432028770 
0.126481205224991 
0.090590618550777 
0.061175245791674 
0.038968037813902 
0.023404337465763 
0.013237297534943 
0.007035950198770 
0.003504164051265 
0.001628715894185 
0.000702734047081 
0.000279470725218 
0.000101460987935 
0.000033176042052 
0.000009578200661 
0.000002365239880 
0.000000471210683 
0.000000065616121 
-0.000000065616121 
-0.000000471210683 
-0.000002365239880 
-0.000009578200661 
-0.000033176042052 
-0.000101460987935 
-0.000279470725218 
-0.000702734047081 
-0.001628715894185 
-0.003504164051265 
-0.007035950198770 
-0.013237297534943 
-0.023404337465763 
-0.038968037813902 
-0.061175245791674 
-0.090590618550777 
-0.126481205224991 
-0.166235432028770 
-0.205047056078911 
-0.236120700836182 
-0.251585274934769 
-0.244123101234436 
-0.209060519933701 
-0.146401748061180 
-0.062129292637110 
0.031856622546911 
0.119488358497620 
0.183804586529732 
0.211036384105682 
0.194401785731316 
0.136437997221947 
0.049032397568226 
l=6 j=0 
0.183388277888298 
0.217691302299500 
0.250442415475845 
0.279201984405518 
0.301572591066361 
0.315513938665390 
0.319638460874558 
0.313431292772293 
0.297347038984299 
0.272760361433029 
0.241776213049889 
0.206935316324234 
0.170871213078499 
0.135983139276505 
0.104180887341499 
0.076737776398659 
0.054261799901724 
0.036769475787878 
0.023829342797399 
0.014734801836312 
0.008669196628034 
0.004837075714022 
0.002549362834543 
0.001263040234335 
0.000584674009588 
0.000250940647675 
0.000098850367067 
0.000035243814636 
0.000011145072676 
0.000003027082357 
0.000000665869379 
0.000000102745872 
0.000000000000292 
0.000000000002835 
0.000000000019334 
0.000000000106778 
0.000000000506493 
0.000000002130885 
0.000000008114166 
0.000000028358155 
0.000000091890925 
0.000000278213577 
0.000000791809725 
0.000002128668712 
0.000005427061296 
0.000013165088603 
0.000030471259379 
0.000067451008363 
0.000143085184391 
0.000291383388685 
0.000570496602450 
0.001075296313502 
0.001953372731805 
0.003423381829634 
0.005793143529445 
0.009473008103669 
0.014978141523898 
0.022912150248885 
0.033924747258425 
0.048638615757227 
0.067545913159847 
0.090882390737534 
0.118496134877205 
0.149735897779465 
l=6 j=1 
-0.273541778326035 
-0.268723994493485 
-0.244745984673500 
-0.201048403978348 
-0.139600992202759 
-0.064913138747215 
0.016440428793430 
0.096726998686790 
0.168232694268227 
0.224468454718590 
0.261148154735565 
0.276733696460724 
0.272448658943176 
0.251791864633560 
0.219697952270508 
0.181560397148132 
0.142337217926979 
0.105908192694187 
0.074764601886272 
0.050019841641188 
0.031658571213484 
0.018908217549324 
0.010621131397784 
0.005586885381490 
0.002736587310210 
0.001239071483724 
0.000513515726198 
0.000192151099327 
0.000063629719079 
0.000018060773073 
0.000004144083505 
0.000000665869379 
-0.000000000002835 
-0.000000000026834 
-0.000000000178008 
-0.000000000955620 
-0.000000004402649 
-0.000000017974543 
-0.000000066358282 
-0.000000224622255 
-0.000000704227489 
-0.000002060605766 
-0.000005660955594 
-0.000014671244571 
-0.000036008790630 
-0.000083965242084 
-0.000186505421880 
-0.000395500828745 
-0.000802186375950 
-0.001558662974276 
-0.002904974855483 
-0.005198883824050 
-0.008941887877882 
-0.014790699817240 
-0.023539405316114 
-0.036055684089661 
-0.053157079964876 
-0.075422324240208 
-0.102949142456055 
-0.135091826319695 
-0.170235157012940 
-0.205677375197411 
-0.237696558237076 
-0.261853843927383 
l=6 j=2 
0.150082111358643 
0.071426264941692 
-0.017001139000058 
-0.103191085159779 
-0.174012690782547 
-0.217754557728767 
-0.226628497242928 
-0.198586300015450 
-0.137932419776917 
-0.054519861936569 
0.038296625018120 
0.126429155468941 
0.197835817933083 
0.244625136256218 
0.264031022787094 
0.258149743080139 
0.232676386833191 
0.195109829306603 
0.152956962585449 
0.112362936139107 
0.077388204634190 
0.049929283559322 
0.030112793669105 
0.016919510439038 
0.008813442662358 
0.004227509722114 
0.001849833643064 
0.000728651008103 
0.000253327132668 
0.000075312724221 
0.000018060773073 
0.000003027082357 
0.000000000019334 
0.000000000178008 
0.000000001147862 
0.000000005984900 
0.000000026755684 
0.000000105894671 
0.000000378600731 
0.000001239749508 
0.000003755599892 
0.000010604695490 
0.000028076225135 
0.000070019945269 
0.000165110395756 
0.000369248882635 
0.000785119715147 
0.001590395113453 
0.003074245527387 
0.005678071640432 
0.010030508972704 
0.016959374770522 
0.027456309646368 
0.042566891759634 
0.063184447586536 
0.089743949472904 
0.121844433248043 
0.157870873808861 
0.194728210568428 
0.227824509143829 
0.251428127288818 
0.259461700916290 
0.246683955192566 
0.210071206092835 
l=6 j=3 
0.102879025042057 
0.173781409859657 
0.210187777876854 
0.202865332365036 
0.151674419641495 
0.066577076911926 
-0.034051116555929 
-0.127566412091255 
-0.192596614360809 
-0.214389875531197 
-0.188385263085365 
-0.120963983237743 
-0.027246046811342 
0.073267228901386 
0.161780521273613 
0.224494844675064 
0.254991114139557 
0.254332423210144 
0.229266151785851 
0.189410433173180 
0.144428893923760 
0.101965479552746 
0.066684283316135 
0.040334489196539 
0.022483225911856 
0.011482907459140 
0.005327304825187 
0.002216711174697 
0.000811513571534 
0.000253327132668 
0.000063629719079 
0.000011145072676 
-0.000000000106778 
-0.000000000955620 
-0.000000005984900 
-0.000000030279288 
-0.000000131219821 
-0.000000502915668 
-0.000001739200798 
-0.000005502009572 
-0.000016081092326 
-0.000043748714234 
-0.000111420304165 
-0.000266852730419 
-0.000603174208663 
-0.001290378742851 
-0.002618650440127 
-0.005049976054579 
-0.009266741573811 
-0.016195295378566 
-0.026971269398928 
-0.042806982994080 
-0.064726926386356 
-0.093162745237350 
-0.127448171377182 
-0.165321186184883 
-0.202608302235603 
-0.233303010463715 
-0.250223606824875 
-0.246319413185120 
-0.216492876410484 
-0.159562021493912 
-0.079786390066147 
0.012679302133620 
l=7 j=0 
0.025001714006066 
0.037015367299318 
0.053111873567104 
0.073849067091942 
0.099485814571381 
0.129816696047783 
0.164026424288750 
0.200604155659676 
0.237358033657074 
0.271559089422226 
0.300219863653183 
0.320481687784195 
0.330050408840179 
0.327596455812454 
0.313029259443283 
0.287573516368866 
0.253616005182266 
0.214344635605812 
0.173252701759338 
0.133614927530289 
0.098046556115150 
0.068230591714382 
0.044850848615170 
0.027713984251022 
0.016000676900148 
0.008565216325223 
0.004208122380078 
0.001871266867965 
0.000738037633710 
0.000250012992183 
0.000068591478339 
0.000013200435205 
0.000000000000000 
0.000000000000000 
0.000000000000003 
0.000000000000024 
0.000000000000142 
0.000000000000746 
0.000000000003543 
0.000000000015442 
0.000000000062409 
0.000000000235664 
0.000000000836524 
0.000000002804841 
0.000000008918826 
0.000000026984196 
0.000000077896665 
0.000000215060012 
0.000000568995347 
0.000001445178668 
0.000003529007699 
0.000008296033229 
0.000018796205040 
0.000041084989789 
0.000086713131168 
0.000176848450792 
0.000348749861587 
0.000665372295771 
0.001228735083714 
0.002197179943323 
0.003805627115071 
0.006386305205524 
0.010385247878730 
0.016367463395000 
l=7 j=1 
-0.083171635866165 
-0.112960115075111 
-0.147479981184006 
-0.184759363532066 
-0.221547186374664 
-0.253401398658752 
-0.275083005428314 
-0.281274378299713 
-0.267551809549332 
-0.231444090604782 
-0.173332020640373 
-0.096920579671860 
-0.009074033237994 
0.081059105694294 
0.163515388965607 
0.229280412197113 
0.271932631731033 
0.288754492998123 
0.281029641628265 
0.253468602895737 
0.212950915098190 
0.166951075196266 
0.122074775397778 
0.083051130175591 
0.052348636090755 
0.030377225950360 
0.016081376001239 
0.007665527984500 
0.003226232714951 
0.001161634223536 
0.000337553996360 
0.000068591478339 
-0.000000000000000 
-0.000000000000005 
-0.000000000000040 
-0.000000000000272 
-0.000000000001567 
-0.000000000008019 
-0.000000000037109 
-0.000000000157507 
-0.000000000619401 
-0.000000002274156 
-0.000000007842467 
-0.000000025524447 
-0.000000078710521 
-0.000000230722506 
-0.000000644622503 
-0.000001720571618 
-0.000004395771157 
-0.000010767402273 
-0.000025322886358 
-0.000057248518715 
-0.000124539554236 
-0.000260924716713 
-0.000526862393599 
-0.001025897101499 
-0.001927215023898 
-0.003493961878121 
-0.006114442832768 
-0.010329559445381 
-0.016845045611262 
-0.026512255892158 
-0.040258359164000 
-0.058948501944542 
l=7 j=2 
0.172874689102173 
0.210474133491516 
0.242482095956802 
0.262357532978058 
0.263387948274612 
0.240176454186440 
0.190352737903595 
0.116076365113258 
0.024808771908283 
-0.071105003356934 
-0.156248599290848 
-0.215139850974083 
-0.235788911581039 
-0.212856099009514 
-0.149423271417618 
-0.056706067174673 
0.048370379954576 
0.147123351693153 
0.223462045192719 
0.267360031604767 
0.276481240987778 
0.255630940198898 
0.214432030916214 
0.164155066013336 
0.114774778485298 
0.073068223893642 
0.042065445333719 
0.021649518981576 
0.009779288433492 
0.003759969025850 
0.001161634223536 
0.000250012992183 
0.000000000000003 
0.000000000000040 
0.000000000000327 
0.000000000002148 
0.000000000012092 
0.000000000060281 
0.000000000271630 
0.000000001121776 
0.000000004288824 
0.000000015296283 
0.000000051195670 
0.000000161563193 
0.000000482600797 
0.000001368824769 
0.000003696291287 
0.000009523560948 
0.000023455742848 
0.000055307929870 
0.000125018530525 
0.000271189375781 
0.000565011519939 
0.001131416764110 
0.002178648253903 
0.004035480786115 
0.007191466633230 
0.012329543940723 
0.020332660526037 
0.032238636165857 
0.049113839864731 
0.071821577847004 
0.100680224597454 
0.135042235255241 
l=7 j=3 
-0.246655330061913 
-0.256719678640366 
-0.242370545864105 
-0.199179366230965 
-0.127789184451103 
-0.035491641610861 
0.063695803284645 
0.151019319891930 
0.207032084465027 
0.216897070407867 
0.175446391105652 
0.090192683041096 
-0.019155394285917 
-0.125096142292023 
-0.199679538607597 
-0.222580030560494 
-0.187171965837479 
-0.102415561676025 
0.010181683115661 
0.123441398143768 
0.212722972035408 
0.262562990188599 
0.269629031419754 
0.241452261805534 
0.192042365670204 
0.136472836136818 
0.086511209607124 
0.048519331961870 
0.023688701912761 
0.009779288433492 
0.003226232714951 
0.000738037633710 
-0.000000000000024 
-0.000000000000272 
-0.000000000002148 
-0.000000000013743 
-0.000000000075365 
-0.000000000365826 
-0.000000001603826 
-0.000000006439017 
-0.000000023911934 
-0.000000082761993 
-0.000000268550451 
-0.000000820790831 
-0.000002371881010 
-0.000006500527434 
-0.000016939600755 
-0.000042059793486 
-0.000099675933598 
-0.000225779876928 
-0.000489377765916 
-0.001015900867060 
-0.002021109685302 
-0.003855196991935 
-0.007051991764456 
-0.012370184995234 
-0.020802842453122 
-0.033520676195621 
-0.051708884537220 
-0.076264537870884 
-0.107349842786789 
-0.143850654363632 
-0.182864278554916 
-0.219417065382004 
l=8 j=0 
0.000394844799303 
0.000765385630075 
0.001437909202650 
0.002617739606649 
0.004617258440703 
0.007888514548540 
0.013050287961960 
0.020897185429931 
0.032373778522015 
0.048494823276997 
0.070195950567722 
0.098110951483250 
0.132292777299881 
0.171924069523811 
0.215091884136200 
0.258719742298126 
0.298743814229965 
0.330579936504364 
0.349852919578552 
0.353266209363937 
0.339407205581665 
0.309249818325043 
0.266159862279892 
0.215333938598633 
0.162777155637741 
0.114086702466011 
0.073388271033764 
0.042728304862976 
0.022064801305532 
0.009786462411284 
0.003515400923789 
0.000885797780938 
0.000000000000000 
0.000000000000000 
0.000000000000000 
0.000000000000000 
0.000000000000000 
0.000000000000000 
0.000000000000000 
0.000000000000000 
0.000000000000002 
0.000000000000008 
0.000000000000035 
0.000000000000154 
0.000000000000643 
0.000000000002546 
0.000000000009621 
0.000000000034778 
0.000000000120476 
0.000000000400640 
0.000000001280934 
0.000000003942632 
0.000000011695737 
0.000000033472038 
0.000000092496535 
0.000000246992329 
0.000000637731489 
0.000001593052730 
0.000003851813744 
0.000009018082892 
0.000020451090677 
0.000044934662583 
0.000095673203759 
0.000197422399651 
l=8 j=1 
-0.002288305433467 
-0.004194684326649 
-0.007427540607750 
-0.012697461061180 
-0.020941916853189 
-0.033294290304184 
-0.050969634205103 
-0.075034737586975 
-0.106046535074711 
-0.143579676747322 
-0.185721039772034 
-0.228675141930580 
-0.266677170991898 
-0.292415350675583 
-0.298089325428009 
-0.277062773704529 
-0.225829094648361 
-0.145772054791451 
-0.044077325612307 
0.066761039197445 
0.171045154333115 
0.253251791000366 
0.301796913146973 
0.311989545822144 
0.287111908197403 
0.237163960933685 
0.175675004720688 
0.115740098059177 
0.066717684268951 
0.032673925161362 
0.012844067998230 
0.003515400923789 
-0.000000000000000 
-0.000000000000000 
-0.000000000000000 
-0.000000000000000 
-0.000000000000000 
-0.000000000000000 
-0.000000000000001 
-0.000000000000004 
-0.000000000000020 
-0.000000000000099 
-0.000000000000447 
-0.000000000001915 
-0.000000000007772 
-0.000000000029986 
-0.000000000110306 
-0.000000000387777 
-0.000000001305353 
-0.000000004214736 
-0.000000013071985 
-0.000000038992908 
-0.000000111987852 
-0.000000309955425 
-0.000000827396264 
-0.000002131590463 
-0.000005302876616 
-0.000012744816559 
-0.000029602257200 
-0.000066466040153 
-0.000144289326272 
-0.000302876083879 
-0.000614738208242 
-0.001206334913149 
l=8 j=2 
0.008863126859069 
0.015275581739843 
0.025322085246444 
0.040323939174414 
0.061590947210789 
0.090054467320442 
0.125725567340851 
0.167039364576340 
0.210244268178940 
0.249097928404808 
0.275190979242325 
0.279173612594605 
0.252954095602036 
0.192570954561234 
0.100992940366268 
-0.010245106182992 
-0.121680304408073 
-0.209451466798782 
-0.251349568367004 
-0.233817413449287 
-0.157443150877953 
-0.038487616926432 
0.094857573509216 
0.210740238428116 
0.283617526292801 
0.302043706178665 
0.271099507808685 
0.208600491285324 
0.137053847312927 
0.075182087719440 
0.032673925161362 
0.009786462411284 
0.000000000000000 
0.000000000000000 
0.000000000000000 
0.000000000000000 
0.000000000000000 
0.000000000000001 
0.000000000000007 
0.000000000000038 
0.000000000000191 
0.000000000000898 
0.000000000003972 
0.000000000016575 
0.000000000065498 
0.000000000245924 
0.000000000879706 
0.000000003004847 
0.000000009819566 
0.000000030750975 
0.000000092411931 
0.000000266818063 
0.000000740895473 
0.000001980248499 
0.000005098084785 
0.000012649253222 
0.000030261131542 
0.000069824629463 
0.000155426969286 
0.000333795178449 
0.000691609981004 
0.001382323098369 
0.002664458937943 
0.004950887523592 
l=8 j=3 
-0.026289146393538 
-0.042279835790396 
-0.065016701817513 
-0.095367446541786 
-0.133008226752281 
-0.175632447004318 
-0.218272984027863 
-0.253105849027634 
-0.270165711641312 
-0.259294569492340 
-0.213290154933929 
-0.131638482213020 
-0.023567259311676 
0.091235034167767 
0.185650900006294 
0.232232913374901 
0.212878525257111 
0.127735555171967 
-0.000877809128724 
-0.132734403014183 
-0.222267597913742 
-0.235495567321777 
-0.164282858371735 
-0.030931612476707 
0.120075769722462 
0.240166038274765 
0.296276569366455 
0.282521873712540 
0.218625962734222 
0.137053847312927 
0.066717684268951 
0.022064801305532 
-0.000000000000000 
-0.000000000000000 
-0.000000000000000 
-0.000000000000000 
-0.000000000000001 
-0.000000000000009 
-0.000000000000055 
-0.000000000000291 
-0.000000000001435 
-0.000000000006591 
-0.000000000028409 
-0.000000000115433 
-0.000000000443885 
-0.000000001620539 
-0.000000005631817 
-0.000000018672454 
-0.000000059173786 
-0.000000179521365 
-0.000000522079972 
-0.000001457046324 
-0.000003905921403 
-0.000010064941307 
-0.000024945486075 
-0.000059491765569 
-0.000136563801789 
-0.000301784864860 
-0.000642023107503 
-0.001314741792157 
-0.002590866526589 
-0.004910989198834 
-0.008948169648647 
-0.015659086406231 
l=9 j=0 
0.000000056092119 
0.000000163097383 
0.000000459609936 
0.000001255092229 
0.000003320662017 
0.000008509948202 
0.000021117526558 
0.000050722661399 
0.000117868810776 
0.000264845235506 
0.000575042678975 
0.001205582055263 
0.002438409719616 
0.004753335844725 
0.008920251391828 
0.016094366088510 
0.027876259759068 
0.046270407736301 
0.073451995849609 
0.111252926290035 
0.160332530736923 
0.219129741191864 
0.282895267009735 
0.343310326337814 
0.389277309179306 
0.409253060817719 
0.394888788461685 
0.344869732856751 
0.267134934663773 
0.177724644541740 
0.095760866999626 
0.036194205284119 
0.000000000000000 
0.000000000000000 
0.000000000000000 
0.000000000000000 
0.000000000000000 
0.000000000000000 
0.000000000000000 
0.000000000000000 
0.000000000000000 
0.000000000000000 
0.000000000000000 
0.000000000000000 
0.000000000000000 
0.000000000000000 
0.000000000000000 
0.000000000000000 
0.000000000000000 
0.000000000000000 
0.000000000000001 
0.000000000000003 
0.000000000000013 
0.000000000000055 
0.000000000000228 
0.000000000000913 
0.000000000003535 
0.000000000013245 
0.000000000048039 
0.000000000168707 
0.000000000573888 
0.000000001891399 
0.000000006040644 
0.000000018697373 
l=9 j=1 
-0.000000581844972 
-0.000001623318781 
-0.000004381509370 
-0.000011437835383 
-0.000028867121728 
-0.000070404697908 
-0.000165841469425 
-0.000377036805730 
-0.000826654140837 
-0.001746225287206 
-0.003549979999661 
-0.006936267018318 
-0.013005254790187 
-0.023355696350336 
-0.040083840489388 
-0.065562285482883 
-0.101850278675556 
-0.149624437093735 
-0.206674486398697 
-0.266314476728439 
-0.316466659307480 
-0.340495616197586 
-0.320773094892502 
-0.245100528001785 
-0.114436775445938 
0.051561038941145 
0.215589016675949 
0.333112835884094 
0.370214223861694 
0.320940554141998 
0.213143661618233 
0.095760866999626 
-0.000000000000000 
-0.000000000000000 
-0.000000000000000 
-0.000000000000000 
-0.000000000000000 
-0.000000000000000 
-0.000000000000000 
-0.000000000000000 
-0.000000000000000 
-0.000000000000000 
-0.000000000000000 
-0.000000000000000 
-0.000000000000000 
-0.000000000000000 
-0.000000000000000 
-0.000000000000000 
-0.000000000000000 
-0.000000000000002 
-0.000000000000010 
-0.000000000000046 
-0.000000000000197 
-0.000000000000824 
-0.000000000003321 
-0.000000000012917 
-0.000000000048544 
-0.000000000176333 
-0.000000000619355 
-0.000000002104255 
-0.000000006916991 
-0.000000022002467 
-0.000000067733410 
-0.000000201800475 
l=9 j=2 
0.000004124830411 
0.000011012331015 
0.000028396132620 
0.000070663503720 
0.000169591963640 
0.000392253539758 
0.000873563636560 
0.001871230546385 
0.003850478678942 
0.007599732838571 
0.014361073262990 
0.025925170630217 
0.044588886201382 
0.072817541658878 
0.112429723143578 
0.163195595145226 
0.220986038446426 
0.276062518358231 
0.312656104564667 
0.311324268579483 
0.255171239376068 
0.139388903975487 
-0.019204182550311 
-0.178674906492233 
-0.280897170305252 
-0.274732202291489 
-0.145948126912117 
0.063297167420387 
0.263954818248749 
0.363282591104507 
0.320940554141998 
0.177724644541740 
0.000000000000000 
0.000000000000000 
0.000000000000000 
0.000000000000000 
0.000000000000000 
0.000000000000000 
0.000000000000000 
0.000000000000000 
0.000000000000000 
0.000000000000000 
0.000000000000000 
0.000000000000000 
0.000000000000000 
0.000000000000000 
0.000000000000000 
0.000000000000001 
0.000000000000005 
0.000000000000025 
0.000000000000114 
0.000000000000501 
0.000000000002112 
0.000000000008571 
0.000000000033535 
0.000000000126565 
0.000000000461032 
0.000000001621585 
0.000000005509195 
0.000000018083631 
0.000000057359205 
0.000000175822393 
0.000000520828905 
0.000001496439268 
l=9 j=3 
-0.000022987878765 
-0.000058628062106 
-0.000144028483192 
-0.000340565107763 
-0.000774400832597 
-0.001691483776085 
-0.003544299397618 
-0.007113097701222 
-0.013646186329424 
-0.024966629222035 
-0.043434374034405 
-0.071586892008781 
-0.111250467598438 
-0.161996349692345 
-0.219106182456017 
-0.271753311157227 
-0.302773654460907 
-0.291779786348343 
-0.222780913114548 
-0.095301330089569 
0.065587714314461 
0.208155557513237 
0.269253462553024 
0.206160113215447 
0.031906452029943 
-0.171065419912338 
-0.281756371259689 
-0.213378027081490 
0.013951401226223 
0.263954818248749 
0.370214223861694 
0.267134934663773 
-0.000000000000000 
-0.000000000000000 
-0.000000000000000 
-0.000000000000000 
-0.000000000000000 
-0.000000000000000 
-0.000000000000000 
-0.000000000000000 
-0.000000000000000 
-0.000000000000000 
-0.000000000000000 
-0.000000000000000 
-0.000000000000000 
-0.000000000000000 
-0.000000000000002 
-0.000000000000011 
-0.000000000000051 
-0.000000000000234 
-0.000000000001038 
-0.000000000004421 
-0.000000000018103 
-0.000000000071341 
-0.000000000270779 
-0.000000000990453 
-0.000000003493047 
-0.000000011881905 
-0.000000038993555 
-0.000000123479623 
-0.000000377329883 
-0.000001112641826 
-0.000003165476301 
-0.000008688008165 
