l=1 j=0 A.x 
0.053344972431660 
-0.040018528699875 
0.011589560657740 
0.010913586243987 
-0.018030352890491 
0.014538963325322 
-0.008562326431274 
0.004245935007930 
-0.002001830376685 
0.001014669658616 
-0.000595359946601 
0.000397984578740 
-0.000285508082015 
0.000209223479033 
-0.000151777348947 
0.000106218940346 
-0.000069149820774 
0.000038555255742 
-0.000013070943169 
-0.000008294364306 
0.000026288418667 
-0.000041486458940 
0.000054337091569 
-0.000065193293267 
0.000074334631790 
-0.000081982769188 
0.000088313441665 
-0.000093465627288 
0.000097548014310 
-0.000100643723272 
0.000102813028207 
-0.000104097111034 
0.000104520542664 
-0.000104094971903 
0.000102810176031 
-0.000100641598692 
0.000097547002952 
-0.000093465641839 
0.000088313950982 
-0.000081983336713 
0.000074334602687 
-0.000065192980401 
0.000054336422181 
-0.000041485782276 
0.000026287809305 
-0.000008294799954 
-0.000013069507986 
0.000038553243940 
-0.000069149842602 
0.000106218853034 
-0.000151778498548 
0.000209224992432 
-0.000285509915557 
0.000397985044401 
-0.000595359422732 
0.001014668261632 
-0.002001830143854 
0.004245933610946 
-0.008562325499952 
0.014538963325322 
-0.018030356615782 
0.010913594625890 
0.011589547619224 
-0.040018521249294 
l=1 j=0 A.y 
0.000000000000000 
0.030925679951906 
-0.041557278484106 
0.031370252370834 
-0.014598668552935 
0.002857017330825 
0.001790403854102 
-0.002331246854737 
0.001605267170817 
-0.000871418684255 
0.000398431235226 
-0.000134454996441 
-0.000006420817954 
0.000080863603216 
-0.000119572134281 
0.000138439965667 
-0.000145829981193 
0.000146331934957 
-0.000142573204357 
0.000136125090648 
-0.000127958148369 
0.000118689727969 
-0.000108717635158 
0.000098302589322 
-0.000087615371740 
0.000076769865700 
-0.000065838350565 
0.000054866788560 
-0.000043882228056 
0.000032900745282 
-0.000021928093702 
0.000010963923160 
0.000000000000000 
-0.000010961301086 
0.000021927473426 
-0.000032901662053 
0.000043884123443 
-0.000054868021834 
0.000065839056333 
-0.000076769916632 
0.000087615553639 
-0.000098302210972 
0.000108717649709 
-0.000118690259114 
0.000127959661768 
-0.000136126443977 
0.000142574208439 
-0.000146331716678 
0.000145829981193 
-0.000138437884743 
0.000119570693641 
-0.000080863210314 
0.000006421896614 
0.000134453890496 
-0.000398430041969 
0.000871418218594 
-0.001605267403647 
0.002331248484552 
-0.001790406648070 
-0.002857012674212 
0.014598663896322 
-0.031370248645544 
0.041557278484106 
-0.030925691127777 
l=1 j=1 A.x 
-0.009642825461924 
-0.008305657655001 
0.037089664489031 
-0.040158469229937 
0.018004013225436 
0.004722926765680 
-0.014098635874689 
0.013066056184471 
-0.008840595372021 
0.005277155898511 
-0.003083954332396 
0.001866762293503 
-0.001186529174447 
0.000780318689067 
-0.000516794971190 
0.000332934083417 
-0.000197438916075 
0.000093631562777 
-0.000011891176655 
-0.000053743740864 
0.000107190084236 
-0.000151141503011 
0.000187515935977 
-0.000217716209590 
0.000242788781179 
-0.000263524416368 
0.000280527747236 
-0.000294261000818 
0.000305076013319 
-0.000313236378133 
0.000318934849929 
-0.000322303996654 
0.000323420652421 
-0.000322305626469 
0.000318935781252 
-0.000313235272188 
0.000305073946947 
-0.000294259167276 
0.000280526437564 
-0.000263523455942 
0.000242788315518 
-0.000217716296902 
0.000187516314327 
-0.000151142070536 
0.000107191423012 
-0.000053745068726 
-0.000011890754649 
0.000093632450444 
-0.000197439003387 
0.000332933443133 
-0.000516793632414 
0.000780318048783 
-0.001186528592370 
0.001866761944257 
-0.003083954099566 
0.005277155898511 
-0.008840596303344 
0.013066056184471 
-0.014098637737334 
0.004722934681922 
0.018004005774856 
-0.040158465504646 
0.037089668214321 
-0.008305666036904 
l=1 j=1 A.y 
0.000000000000000 
-0.022689877077937 
0.011914039030671 
0.019165845587850 
-0.037155441939831 
0.032564539462328 
-0.018529914319515 
0.007411947939545 
-0.002043519169092 
0.000346551649272 
-0.000115004564577 
0.000252757570706 
-0.000401813536882 
0.000492857594509 
-0.000533468322828 
0.000541229965165 
-0.000529403798282 
0.000506286742166 
-0.000476810353575 
0.000443872151664 
-0.000409178435802 
0.000373733055312 
-0.000338122365065 
0.000302678497974 
-0.000267578521743 
0.000232901278650 
-0.000198664536583 
0.000164847224369 
-0.000131404100102 
0.000098272401374 
-0.000065379535954 
0.000032647771150 
0.000000000000000 
-0.000032647520129 
0.000065377185820 
-0.000098269985756 
0.000131402848638 
-0.000164847369888 
0.000198665031348 
-0.000232902166317 
0.000267579685897 
-0.000302679545712 
0.000338123034453 
-0.000373733782908 
0.000409178668633 
-0.000443871569587 
0.000476808811072 
-0.000506285927258 
0.000529403798282 
-0.000541230721865 
0.000533467857167 
-0.000492856488563 
0.000401812489145 
-0.000252756639384 
0.000115002971143 
-0.000346550048562 
0.002043518004939 
-0.007411945145577 
0.018529908731580 
-0.032564535737038 
0.037155445665121 
-0.019165856763721 
-0.011914028786123 
0.022689877077937 
l=1 j=2 A.x 
0.035211306065321 
-0.013604933395982 
-0.010924937203527 
-0.004913489799947 
0.034049659967422 
-0.037189669907093 
0.018205720931292 
0.000094590483059 
-0.007960019633174 
0.008384296670556 
-0.006298832595348 
0.004196965601295 
-0.002688531531021 
0.001700809574686 
-0.001055742148310 
0.000620355887804 
-0.000313861848554 
0.000089454413683 
0.000080303456343 
-0.000212070663110 
0.000316389137879 
-0.000400203076424 
0.000468249752885 
-0.000523857132066 
0.000569420924876 
-0.000606699613854 
0.000636998331174 
-0.000661293917801 
0.000680317287333 
-0.000694611226209 
0.000704565434717 
-0.000710438296665 
0.000712377368473 
-0.000710436666850 
0.000704565434717 
-0.000694613147061 
0.000680318102241 
-0.000661292287987 
0.000636995944660 
-0.000606698158663 
0.000569419760723 
-0.000523856666405 
0.000468250334961 
-0.000400204677135 
0.000316389923682 
-0.000212069542613 
0.000080302328570 
0.000089453758847 
-0.000313862052280 
0.000620356644504 
-0.001055742730387 
0.001700807828456 
-0.002688529202715 
0.004196965601295 
-0.006298834457994 
0.008384297601879 
-0.007960023358464 
0.000094598668511 
0.018205709755421 
-0.037189666181803 
0.034049663692713 
-0.004913499113172 
-0.010924939997494 
-0.013604924082756 
l=1 j=2 A.y 
0.000000000000000 
0.023720171302557 
-0.004835266619921 
-0.021273883059621 
0.012121565639973 
0.016470653936267 
-0.031837791204453 
0.028487188741565 
-0.018292617052794 
0.010043482296169 
-0.005466502625495 
0.003347290679812 
-0.002413194393739 
0.001966567710042 
-0.001709115807898 
0.001527385669760 
-0.001379836816341 
0.001250861794688 
-0.001134034362622 
0.001026269863360 
-0.000925780448597 
0.000831341429148 
-0.000742014497519 
0.000657029740978 
-0.000575728015974 
0.000497538654599 
-0.000421953474870 
0.000348516798113 
-0.000276812410448 
0.000206456403248 
-0.000137093564263 
0.000068386216299 
0.000000000000000 
-0.000068385743361 
0.000137095019454 
-0.000206456112210 
0.000276809529169 
-0.000348514498910 
0.000421953300247 
-0.000497539353091 
0.000575729762204 
-0.000657030905131 
0.000742015952710 
-0.000831341370940 
0.000925778469536 
-0.001026268699206 
0.001134035293944 
-0.001250862493180 
0.001379836816341 
-0.001527384971268 
0.001709116855636 
-0.001966568175703 
0.002413191599771 
-0.003347287187353 
0.005466500297189 
-0.010043479502201 
0.018292615190148 
-0.028487185016274 
0.031837798655033 
-0.016470665112138 
-0.012121557258070 
0.021273884922266 
0.004835259635001 
-0.023720173165202 
l=1 j=3 A.x 
-0.012718128040433 
-0.012284300290048 
0.030986405909061 
-0.003503776853904 
-0.012042463757098 
-0.012095464393497 
0.035538021475077 
-0.032923638820648 
0.016861077398062 
-0.003860952565446 
-0.001959921792150 
0.003210319438949 
-0.002710315864533 
0.001857586321421 
-0.001105213072151 
0.000530118471943 
-0.000105280210846 
-0.000209679768886 
0.000447031139629 
-0.000629331567325 
0.000771839113440 
-0.000884891662281 
0.000975601433311 
-0.001048955717124 
0.001108515891246 
-0.001156865153462 
0.001195903168991 
-0.001227037864737 
0.001251313486136 
-0.001269491738640 
0.001282113604248 
-0.001289545791224 
0.001292002969421 
-0.001289547653869 
0.001282113255002 
-0.001269489759579 
0.001251313602552 
-0.001227040076628 
0.001195904216729 
-0.001156864105724 
0.001108515309170 
-0.001048955949955 
0.000975601258688 
-0.000884889683221 
0.000771837309003 
-0.000629332265817 
0.000447032391094 
-0.000209678735700 
-0.000105280654680 
0.000530117074959 
-0.001105211675167 
0.001857588184066 
-0.002710318658501 
0.003210319671780 
-0.001959921792150 
-0.003860946744680 
0.016861071810126 
-0.032923635095358 
0.035538025200367 
-0.012095473706722 
-0.012042462825775 
-0.003503768937662 
0.030986405909061 
-0.012284309603274 
l=1 j=3 A.y 
0.000000000000000 
-0.021890636533499 
-0.005111798644066 
0.021261656656861 
0.005636299028993 
-0.024157533422112 
0.008057314902544 
0.016105037182570 
-0.025887917727232 
0.022960186004639 
-0.016329417005181 
0.010875580832362 
-0.007423152215779 
0.005403253249824 
-0.004200480412692 
0.003433550475165 
-0.002901887753978 
0.002504137111828 
-0.002188020851463 
0.001925141783431 
-0.001699055661447 
0.001499598845840 
-0.001320100273006 
0.001155944890343 
-0.001003795885481 
0.000861137756146 
-0.000726009951904 
0.000596832484007 
-0.000472298765089 
0.000351293478161 
-0.000232829959714 
0.000116009439807 
0.000000000000000 
-0.000116008821351 
0.000232827282161 
-0.000351293536369 
0.000472300744150 
-0.000596832484007 
0.000726007332560 
-0.000861136009917 
0.001003795070574 
-0.001155944424681 
0.001320098293945 
-0.001499597914517 
0.001699056825601 
-0.001925142947584 
0.002188019454479 
-0.002504135947675 
0.002901887753978 
-0.003433550940827 
0.004200477153063 
-0.005403250921518 
0.007423151750118 
-0.010875580832362 
0.016329413279891 
-0.022960182279348 
0.025887917727232 
-0.016105046495795 
-0.008057307451963 
0.024157533422112 
-0.005636302288622 
-0.021261654794216 
0.005111806094646 
0.021890636533499 
l=2 j=0 A.x 
0.062048025429249 
-0.017054364085197 
-0.034046113491058 
0.022324329242110 
0.001472722156905 
-0.005223819520324 
0.001843745936640 
-0.000231253245147 
-0.000022815114789 
0.000015549447198 
-0.000004134442861 
0.000001408786716 
-0.000001157040629 
0.000001234567208 
-0.000001217944714 
0.000001084167934 
-0.000000870981978 
0.000000614431087 
-0.000000342667619 
0.000000073283545 
0.000000183127469 
-0.000000421552812 
0.000000639333223 
-0.000000834246691 
0.000001005325544 
-0.000001154739948 
0.000001282378093 
-0.000001388800570 
0.000001473751581 
-0.000001539720643 
0.000001589199314 
-0.000001619378395 
0.000001624724177 
-0.000001615435849 
0.000001587460360 
-0.000001540988933 
0.000001474537044 
-0.000001388404485 
0.000001282234848 
-0.000001155625000 
0.000001005318381 
-0.000000833476520 
0.000000638701181 
-0.000000422022481 
0.000000182937015 
0.000000074634556 
-0.000000343436056 
0.000000612038889 
-0.000000870982262 
0.000001085584927 
-0.000001220361810 
0.000001234326191 
-0.000001156658186 
0.000001409633796 
-0.000004136136795 
0.000015548077499 
-0.000022815145712 
-0.000231252313824 
0.001843742211349 
-0.005223819985986 
0.001472725532949 
0.022324323654175 
-0.034046124666929 
-0.017054345458746 
l=2 j=0 A.y 
0.000000000000000 
0.053757842630148 
-0.025201443582773 
-0.013908348977566 
0.013439856469631 
-0.002446962287650 
-0.000903604901396 
0.000570415286347 
-0.000156543130288 
0.000032712930988 
-0.000007040640412 
0.000001930747885 
-0.000000915322175 
0.000000882099869 
-0.000001101313046 
0.000001351858941 
-0.000001552989715 
0.000001693302124 
-0.000001770810854 
0.000001794333912 
-0.000001771288225 
0.000001710798870 
-0.000001620412945 
0.000001507821707 
-0.000001374999101 
0.000001228139581 
-0.000001069686505 
0.000000903364480 
-0.000000729607109 
0.000000549572349 
-0.000000366541713 
0.000000186266490 
0.000000000000000 
-0.000000185106913 
0.000000369488106 
-0.000000551060111 
0.000000729359442 
-0.000000903095724 
0.000001070666826 
-0.000001228288170 
0.000001375007855 
-0.000001507308866 
0.000001621299816 
-0.000001711035566 
0.000001770794370 
-0.000001794305604 
0.000001773203962 
-0.000001694639536 
0.000001552989715 
-0.000001349486865 
0.000001102324291 
-0.000000883459563 
0.000000915129988 
-0.000001930037342 
0.000007042345715 
-0.000032714640838 
0.000156543115736 
-0.000570412899833 
0.000903606473003 
0.002446958329529 
-0.013439855538309 
0.013908357359469 
0.025201430544257 
-0.053757846355438 
l=2 j=1 A.x 
-0.006045209243894 
-0.031886551529169 
0.029167635366321 
0.030795911327004 
-0.031985364854336 
0.002832660917193 
0.005729389842600 
-0.002798803383484 
0.000656089279801 
-0.000105539875221 
0.000016263476937 
-0.000001173902888 
-0.000003566207624 
0.000005386378689 
-0.000005652759228 
0.000005052656888 
-0.000004010994871 
0.000002785395282 
-0.000001518155727 
0.000000287724134 
0.000000864909509 
-0.000001918544513 
0.000002865062470 
-0.000003704090204 
0.000004439506938 
-0.000005073550255 
0.000005611099823 
-0.000006056691745 
0.000006416842552 
-0.000006695649517 
0.000006890629720 
-0.000007002563962 
0.000007042355719 
-0.000007003807696 
0.000006887782547 
-0.000006692627721 
0.000006417188615 
-0.000006058447070 
0.000005612199402 
-0.000005073236025 
0.000004439511031 
-0.000003704727533 
0.000002865137958 
-0.000001917158897 
0.000000863223590 
0.000000287066115 
-0.000001515435656 
0.000002785150627 
-0.000004010995781 
0.000005050990239 
-0.000005652208074 
0.000005388858426 
-0.000003568719421 
-0.000001174244289 
0.000016266298189 
-0.000105540260847 
0.000656089221593 
-0.002798803849146 
0.005729394033551 
0.002832655562088 
-0.031985361129045 
0.030795922502875 
0.029167622327805 
-0.031886555254459 
l=2 j=1 A.y 
0.000000000000000 
-0.013728340156376 
-0.042917001992464 
0.037612676620483 
0.010442790575325 
-0.017955372110009 
0.005415311083198 
0.000146000136738 
-0.000515599502251 
0.000186129458598 
-0.000046236029448 
0.000010408444723 
-0.000003458885658 
0.000003345301138 
-0.000004631551292 
0.000005938723007 
-0.000006936534646 
0.000007578652912 
-0.000007903940968 
0.000007967845704 
-0.000007825277862 
0.000007522294709 
-0.000007094889042 
0.000006569903235 
-0.000005971965948 
0.000005317978776 
-0.000004621556855 
0.000003891479082 
-0.000003136054829 
0.000002365697583 
-0.000001587164434 
0.000000796414895 
0.000000000000000 
-0.000000794258597 
0.000001584512006 
-0.000002367667776 
0.000003139044566 
-0.000003892196219 
0.000004620449999 
-0.000005317304840 
0.000005971910923 
-0.000006569725429 
0.000007093510703 
-0.000007521792213 
0.000007826802175 
-0.000007970165825 
0.000007903714504 
-0.000007576990356 
0.000006936534646 
-0.000005938557933 
0.000004628737315 
-0.000003344219976 
0.000003460643256 
-0.000010410821233 
0.000046236236813 
-0.000186127886991 
0.000515599560458 
-0.000146002174006 
-0.005415310151875 
0.017955373972654 
-0.010442797094584 
-0.037612665444613 
0.042917009443045 
0.013728328980505 
l=2 j=2 A.x 
0.042310938239098 
0.000334795011440 
0.010575347580016 
-0.032007157802582 
-0.023348635062575 
0.035330407321453 
-0.007683850824833 
-0.003913643304259 
0.002725803991780 
-0.000864056113642 
0.000207497228985 
-0.000038780766772 
-0.000005277980563 
0.000017325835870 
-0.000019079741833 
0.000016879663235 
-0.000013134214896 
0.000008901636647 
-0.000004677275683 
0.000000691368427 
0.000002956940762 
-0.000006232663509 
0.000009133723324 
-0.000011675349924 
0.000013877021047 
-0.000015761139366 
0.000017348778783 
-0.000018660637579 
0.000019713945221 
-0.000020516818040 
0.000021080270017 
-0.000021419396944 
0.000021529562218 
-0.000021417763492 
0.000021080908482 
-0.000020514493372 
0.000019711302230 
-0.000018661412469 
0.000017349919290 
-0.000015761797840 
0.000013877164747 
-0.000011675093447 
0.000009133157619 
-0.000006231237876 
0.000002956667913 
0.000000689558590 
-0.000004677163361 
0.000008900994544 
-0.000013134218534 
0.000016880203475 
-0.000019079396225 
0.000017326907255 
-0.000005280779988 
-0.000038781185140 
0.000207497578231 
-0.000864055880811 
0.002725804224610 
-0.003913645632565 
-0.007683843839914 
0.035330403596163 
-0.023348646238446 
-0.032007146626711 
0.010575352236629 
0.000334803422447 
l=2 j=2 A.y 
0.000000000000000 
0.024616356939077 
0.012494239956141 
0.030594158917665 
-0.042588017880917 
-0.004064790438861 
0.017896005883813 
-0.007425542455167 
0.001117075444199 
0.000068525725510 
-0.000063549610786 
0.000012745975255 
-0.000002894977342 
0.000007228009963 
-0.000013524203496 
0.000018638726033 
-0.000022111240469 
0.000024142724214 
-0.000025037626983 
0.000025069301046 
-0.000024454880986 
0.000023361497369 
-0.000021910525902 
0.000020194282115 
-0.000018281303710 
0.000016222398699 
-0.000014055034626 
0.000011807245755 
-0.000009503635738 
0.000007162733255 
-0.000004789084869 
0.000002398331844 
0.000000000000000 
-0.000002398308425 
0.000004788198567 
-0.000007160931546 
0.000009506222341 
-0.000011809464013 
0.000014055204701 
-0.000016222236809 
0.000018280949007 
-0.000020193834644 
0.000021909943825 
-0.000023361984859 
0.000024457522159 
-0.000025069650292 
0.000025036819352 
-0.000024143444534 
0.000022111240469 
-0.000018637845642 
0.000013523489542 
-0.000007226468824 
0.000002896656724 
-0.000012747550500 
0.000063549159677 
-0.000068526642281 
-0.001117075094953 
0.007425540592521 
-0.017896009609103 
0.004064803011715 
0.042588010430336 
-0.030594171956182 
-0.012494234368205 
-0.024616353213787 
l=2 j=3 A.x 
-0.007732626516372 
-0.034065838903189 
0.005796635989100 
-0.001670418540016 
0.032624747604132 
0.016806118190289 
-0.034733228385448 
0.011486405506730 
0.000998146715574 
-0.001725409412757 
0.000654463830870 
-0.000145903468365 
-0.000011622742022 
0.000051557475672 
-0.000055099324527 
0.000046958019084 
-0.000035281860619 
0.000023069220333 
-0.000011473687664 
0.000000918955493 
0.000008480408724 
-0.000016743631932 
0.000023941847758 
-0.000030160166716 
0.000035488315916 
-0.000040007289499 
0.000043789681513 
-0.000046895547712 
0.000049368642067 
-0.000051251819968 
0.000052581010095 
-0.000053366056818 
0.000053627281886 
-0.000053366184147 
0.000052578780014 
-0.000051253129641 
0.000049367536121 
-0.000046892211685 
0.000043789648771 
-0.000040008628275 
0.000035488646972 
-0.000030159491871 
0.000023940314350 
-0.000016744837922 
0.000008482354133 
0.000000919950878 
-0.000011473352970 
0.000023068045266 
-0.000035281867895 
0.000046957433369 
-0.000055101681937 
0.000051556729886 
-0.000011620425539 
-0.000145901343785 
0.000654461560771 
-0.001725410926156 
0.000998148345388 
0.011486398056149 
-0.034733228385448 
0.016806131228805 
0.032624743878841 
-0.001670425524935 
0.005796626675874 
-0.034065846353769 
l=2 j=3 A.y 
0.000000000000000 
-0.008802126161754 
-0.030454911291599 
-0.009900057688355 
-0.023528929799795 
0.044116307049990 
-0.002226891461760 
-0.014875264838338 
0.007885248400271 
-0.002142877317965 
0.000464457523776 
-0.000124194019008 
0.000036516594264 
0.000005813712505 
-0.000032201776776 
0.000048709913244 
-0.000058406971220 
0.000063394887547 
-0.000065121021180 
0.000064579202444 
-0.000062448430981 
0.000059197340306 
-0.000055155258451 
0.000050551487220 
-0.000045546079491 
0.000040255763452 
-0.000034762870200 
0.000029131095289 
-0.000023402097213 
0.000017599555576 
-0.000011755039850 
0.000005886281997 
0.000000000000000 
-0.000005883947324 
0.000011755622836 
-0.000017599762941 
0.000023399166821 
-0.000029132022973 
0.000034765871533 
-0.000040256105422 
0.000045545664761 
-0.000050550766900 
0.000055156739108 
-0.000059199221141 
0.000062447266828 
-0.000064578540332 
0.000065122687374 
-0.000063393963501 
0.000058406971220 
-0.000048708483519 
0.000032201794966 
-0.000005815500117 
-0.000036518296838 
0.000124195736134 
-0.000464454846224 
0.002142875455320 
-0.007885247468948 
0.014875268563628 
0.002226880984381 
-0.044116299599409 
0.023528935387731 
0.009900060482323 
0.030454911291599 
0.008802113123238 
l=3 j=0 A.x 
0.066529482603073 
0.017423363402486 
-0.033574860543013 
-0.015642939135432 
0.004716208204627 
0.002390124369413 
-0.000324271561112 
-0.000081489590229 
0.000013331360606 
-0.000000466228755 
-0.000000019744329 
0.000000013239910 
-0.000000013236887 
0.000000013245995 
-0.000000010506199 
0.000000007238532 
-0.000000007792520 
0.000000005590654 
-0.000000002961861 
0.000000000428609 
0.000000001623762 
-0.000000003895422 
0.000000006441421 
-0.000000009379033 
0.000000010336362 
-0.000000012035535 
0.000000013579949 
-0.000000015174210 
0.000000016195226 
-0.000000015616299 
0.000000015712441 
-0.000000021597067 
0.000000017616649 
-0.000000017501838 
0.000000017128592 
-0.000000016911802 
0.000000015811276 
-0.000000014671692 
0.000000013071034 
-0.000000012813578 
0.000000010336666 
-0.000000008422837 
0.000000006142719 
-0.000000004351401 
0.000000001982835 
0.000000000774976 
-0.000000005105885 
0.000000004216062 
-0.000000007792522 
0.000000009715392 
-0.000000011662621 
0.000000012200400 
-0.000000012977689 
0.000000013476507 
-0.000000022007740 
-0.000000466499415 
0.000013331360606 
-0.000081488396972 
-0.000324274384184 
0.002390124136582 
0.004716206807643 
-0.015642942860723 
-0.033574856817722 
0.017423385754228 
l=3 j=0 A.y 
0.000000000000000 
0.056034535169601 
0.022136533632874 
-0.014506164938211 
-0.007317364215851 
0.001275471993722 
0.000547276984435 
-0.000075887546700 
-0.000005329765372 
0.000001271668907 
-0.000000098413317 
0.000000012113825 
-0.000000008990415 
0.000000010526034 
-0.000000010623543 
0.000000015688293 
-0.000000015760612 
0.000000016916369 
-0.000000017446746 
0.000000018319742 
-0.000000018142373 
0.000000017736404 
-0.000000016283352 
0.000000016158090 
-0.000000014741840 
0.000000013272133 
-0.000000011355031 
0.000000009821608 
-0.000000008391325 
0.000000007112154 
-0.000000001548094 
0.000000000863029 
0.000000000000000 
-0.000000002087425 
0.000000004410453 
-0.000000006212646 
0.000000007996796 
-0.000000009759781 
0.000000012212669 
-0.000000013854611 
0.000000014740510 
-0.000000016007785 
0.000000017279897 
-0.000000018034658 
0.000000018093516 
-0.000000017288942 
0.000000018356063 
-0.000000019430310 
0.000000015760612 
-0.000000014272961 
0.000000012754473 
-0.000000011114836 
0.000000008776965 
-0.000000011169880 
0.000000098682364 
-0.000001274019155 
0.000005329766736 
0.000075889525760 
-0.000547276169527 
-0.001275472692214 
0.007317364681512 
0.014506158418953 
-0.022136542946100 
-0.056034527719021 
l=3 j=1 A.x 
-0.003736447310075 
-0.039924383163452 
-0.033208921551704 
0.027844078838825 
0.023102968931198 
-0.002928313566372 
-0.002811650745571 
0.000265049719019 
0.000065013402491 
-0.000010486940482 
0.000000633266325 
0.000000033366867 
-0.000000073323925 
0.000000070633114 
-0.000000060871606 
0.000000055638786 
-0.000000044308319 
0.000000031977791 
-0.000000018148812 
0.000000004278113 
0.000000009045830 
-0.000000022340943 
0.000000036131624 
-0.000000047179771 
0.000000057495377 
-0.000000066778732 
0.000000075097319 
-0.000000082633690 
0.000000086705285 
-0.000000089188994 
0.000000097995503 
-0.000000097732880 
0.000000097326321 
-0.000000096711197 
0.000000094816123 
-0.000000092080533 
0.000000087494598 
-0.000000081264865 
0.000000075140228 
-0.000000067464427 
0.000000057500525 
-0.000000046993652 
0.000000035121026 
-0.000000023386288 
0.000000009914738 
0.000000006385857 
-0.000000018376118 
0.000000029995679 
-0.000000044308333 
0.000000054937448 
-0.000000064095801 
0.000000069586569 
-0.000000071164159 
0.000000034645929 
0.000000631426303 
-0.000010488837688 
0.000065013417043 
0.000265048787696 
-0.002811654703692 
-0.002928310306743 
0.023102972656488 
0.027844060212374 
-0.033208940178156 
-0.039924379438162 
l=3 j=1 A.y 
0.000000000000000 
0.010669306851923 
-0.046236407011747 
-0.036420132964849 
0.010514800436795 
0.009670105762780 
-0.000824442075100 
-0.000560094835237 
0.000069473964686 
0.000000920544437 
-0.000000512701376 
0.000000066700999 
-0.000000047345992 
0.000000055767540 
-0.000000068610689 
0.000000080868439 
-0.000000087658073 
0.000000094566559 
-0.000000098540170 
0.000000101440939 
-0.000000101332851 
0.000000098135899 
-0.000000093811131 
0.000000089413213 
-0.000000081651585 
0.000000073586428 
-0.000000063932234 
0.000000055151176 
-0.000000046243844 
0.000000031882831 
-0.000000019967041 
0.000000014223683 
0.000000000000000 
-0.000000011276577 
0.000000023013527 
-0.000000033554610 
0.000000043942524 
-0.000000054753013 
0.000000065416216 
-0.000000073108986 
0.000000081641438 
-0.000000088584812 
0.000000094861363 
-0.000000098648691 
0.000000099682090 
-0.000000100643263 
0.000000101699143 
-0.000000093708621 
0.000000087658073 
-0.000000078781902 
0.000000069207367 
-0.000000057895967 
0.000000045931706 
-0.000000064895843 
0.000000515279737 
-0.000000920710477 
-0.000069473950134 
0.000560096988920 
0.000824442249723 
-0.009670107625425 
-0.010514794848859 
0.036420147866011 
0.046236392110586 
-0.010669325478375 
l=3 j=2 A.x 
0.045724965631962 
0.010704888030887 
0.023655654862523 
0.044744368642569 
-0.012854550033808 
-0.024001909419894 
0.000337896432029 
0.002279911423102 
-0.000183806638233 
-0.000028208385629 
0.000004575228104 
-0.000000061898092 
-0.000000280468413 
0.000000277508548 
-0.000000254544574 
0.000000218947960 
-0.000000177757258 
0.000000127924579 
-0.000000074183660 
0.000000018021991 
0.000000036969031 
-0.000000089973028 
0.000000138928868 
-0.000000184848432 
0.000000225293036 
-0.000000261464379 
0.000000293044849 
-0.000000318865006 
0.000000337938729 
-0.000000358894454 
0.000000369741770 
-0.000000377100349 
0.000000378252821 
-0.000000375888419 
0.000000368840574 
-0.000000356938500 
0.000000340324760 
-0.000000319011860 
0.000000292832340 
-0.000000261400004 
0.000000225300639 
-0.000000184345907 
0.000000139389968 
-0.000000089866262 
0.000000035543636 
0.000000018742353 
-0.000000072758247 
0.000000128119837 
-0.000000177757315 
0.000000220419963 
-0.000000253636273 
0.000000279615278 
-0.000000280728443 
-0.000000060914104 
0.000004576586434 
-0.000028207654395 
-0.000183806580026 
0.002279913285747 
0.000337895704433 
-0.024001905694604 
-0.012854539789259 
0.044744379818439 
0.023655651137233 
0.010704896412790 
l=3 j=2 A.y 
0.000000000000000 
0.017682889476419 
-0.015379630029202 
0.029046170413494 
0.043202582746744 
-0.002455911831930 
-0.008863098919392 
0.000311390758725 
0.000383430306101 
-0.000048401325330 
0.000002176868975 
0.000000009149436 
-0.000000159435587 
0.000000220658890 
-0.000000267292791 
0.000000307216652 
-0.000000343529052 
0.000000371060651 
-0.000000389368637 
0.000000396717894 
-0.000000395761674 
0.000000385779799 
-0.000000369498281 
0.000000345666706 
-0.000000318118708 
0.000000285677061 
-0.000000250734928 
0.000000213402942 
-0.000000171402121 
0.000000127506581 
-0.000000089320800 
0.000000042850594 
0.000000000000000 
-0.000000044148727 
0.000000087384159 
-0.000000130816289 
0.000000172292644 
-0.000000212909868 
0.000000250174139 
-0.000000286536277 
0.000000318125188 
-0.000000346373866 
0.000000369100178 
-0.000000385864695 
0.000000395186760 
-0.000000399267122 
0.000000388771980 
-0.000000372437768 
0.000000343529052 
-0.000000307765902 
0.000000266131650 
-0.000000221394771 
0.000000159832283 
-0.000000010521251 
-0.000002176985845 
0.000048400055675 
-0.000383430306101 
-0.000311390962452 
0.008863097988069 
0.002455900888890 
-0.043202582746744 
-0.029046151787043 
0.015379635617137 
-0.017682882025838 
l=3 j=3 A.x 
-0.004719214979559 
-0.037828892469406 
-0.019178848713636 
-0.014986220747232 
-0.051337886601686 
-0.003445401322097 
0.019668662920594 
0.001093273516744 
-0.001466109184548 
0.000131105887704 
0.000001597902610 
0.000000297900272 
-0.000000961620572 
0.000000910072515 
-0.000000824801702 
0.000000720560138 
-0.000000581394488 
0.000000418693702 
-0.000000241171591 
0.000000060214390 
0.000000119375073 
-0.000000288669355 
0.000000445944067 
-0.000000589080230 
0.000000718321985 
-0.000000831647981 
0.000000929014504 
-0.000001007877813 
0.000001077873094 
-0.000001130430405 
0.000001165939352 
-0.000001187606244 
0.000001194243737 
-0.000001186987333 
0.000001165128310 
-0.000001128400413 
0.000001076963486 
-0.000001011385280 
0.000000928808447 
-0.000000831519685 
0.000000718261163 
-0.000000589897525 
0.000000446447217 
-0.000000287644269 
0.000000117162109 
0.000000057873844 
-0.000000241232470 
0.000000416785895 
-0.000000581394659 
0.000000718705905 
-0.000000825136340 
0.000000909762946 
-0.000000966138600 
0.000000294442543 
0.000001598466042 
0.000131103486638 
-0.001466109300964 
0.001093272469006 
0.019668659195304 
-0.003445420879871 
-0.051337890326977 
-0.014986217021942 
-0.019178852438927 
-0.037828888744116 
l=3 j=3 A.y 
0.000000000000000 
0.014598044566810 
-0.013879721052945 
0.022370360791683 
-0.008699710480869 
-0.041232276707888 
-0.004095645621419 
0.006439208053052 
-0.000112069894385 
-0.000192671461264 
0.000025975996323 
-0.000001710670062 
-0.000000394014393 
0.000000691283105 
-0.000000837668608 
0.000000976752290 
-0.000001095945436 
0.000001188405918 
-0.000001246224429 
0.000001270864459 
-0.000001262673095 
0.000001230881821 
-0.000001173342298 
0.000001098665166 
-0.000001006873163 
0.000000903856574 
-0.000000791435639 
0.000000669873259 
-0.000000537988171 
0.000000411690507 
-0.000000274059460 
0.000000141165501 
0.000000000000000 
-0.000000137823633 
0.000000275217076 
-0.000000409592161 
0.000000542985845 
-0.000000668804148 
0.000000790398133 
-0.000000902661100 
0.000001007046421 
-0.000001097741915 
0.000001173078317 
-0.000001228312385 
0.000001265894980 
-0.000001270541247 
0.000001247047408 
-0.000001186537247 
0.000001095945436 
-0.000000974814384 
0.000000837851189 
-0.000000687794568 
0.000000397040083 
0.000001709670642 
-0.000025975903554 
0.000192673731362 
0.000112069719762 
-0.006439205259085 
0.004095652140677 
0.041232276707888 
0.008699698373675 
-0.022370368242264 
0.013879713602364 
-0.014598058536649 
l=4 j=0 A.x 
0.068833246827126 
0.047124106436968 
0.009204228408635 
-0.008175931870937 
-0.006101634353399 
-0.001536436728202 
-0.000087882086518 
0.000022198317311 
0.000002663450914 
0.000000000058401 
-0.000000003422932 
-0.000000000478315 
0.000000000195078 
-0.000000000387371 
-0.000000001517539 
-0.000000002808832 
-0.000000000041427 
-0.000000000132056 
-0.000000000089451 
-0.000000000330208 
0.000000000093321 
-0.000000000250682 
-0.000000000409415 
-0.000000000830270 
0.000000000060284 
-0.000000000132930 
0.000000000069103 
-0.000000000214999 
-0.000000000023905 
-0.000000001250012 
-0.000000002432226 
-0.000000002654167 
0.000000000105129 
-0.000000000095618 
0.000000000110947 
-0.000000000122210 
0.000000000069406 
-0.000000000241965 
-0.000000000220243 
-0.000000000181223 
0.000000000060410 
0.000000000036416 
0.000000000087933 
0.000000000101794 
-0.000000000236767 
-0.000000000594383 
-0.000000000763140 
0.000000000592744 
-0.000000000041427 
0.000000000248357 
0.000000000047658 
0.000000000497407 
-0.000000000274741 
0.000000000025326 
-0.000000003240358 
0.000000001894278 
0.000002663451141 
0.000022201113097 
-0.000087880944193 
-0.001536434749141 
-0.006101633887738 
-0.008175920695066 
0.009204241447151 
0.047124125063419 
l=4 j=0 A.y 
0.000000000000000 
0.036533862352371 
0.037553172558546 
0.016736367717385 
0.002462547738105 
-0.000657848606352 
-0.000283740402665 
-0.000027814165151 
0.000000617845387 
0.000000125753161 
-0.000000000544015 
-0.000000000340138 
0.000000000192806 
0.000000000577015 
0.000000000573403 
-0.000000000570173 
-0.000000000092250 
-0.000000000117659 
-0.000000000248196 
-0.000000000249839 
-0.000000000001327 
0.000000000062345 
-0.000000000166800 
-0.000000000578287 
-0.000000000087170 
-0.000000000124398 
-0.000000000189875 
-0.000000000230780 
0.000000000410442 
0.000000000403717 
-0.000000000763793 
-0.000000003548563 
0.000000000000000 
-0.000000000211859 
-0.000000000097776 
-0.000000000449786 
0.000000000155693 
-0.000000000233245 
-0.000000000292708 
-0.000000001112774 
0.000000000086839 
-0.000000000297515 
-0.000000000025925 
-0.000000000527653 
0.000000000277785 
-0.000000000549272 
-0.000000001390304 
-0.000000003020298 
0.000000000092250 
-0.000000000308610 
-0.000000000098875 
-0.000000000656521 
0.000000000139042 
-0.000000000570811 
-0.000000000915110 
-0.000000128106635 
-0.000000617845046 
0.000027813663110 
0.000283740024315 
0.000657846278045 
-0.002462548902258 
-0.016736371442676 
-0.037553165107965 
-0.036533840000629 
l=4 j=1 A.x 
-0.001802399405278 
-0.028053667396307 
-0.056745771318674 
-0.039636295288801 
-0.009184139780700 
0.002035646699369 
0.001368522178382 
0.000191804196220 
-0.000000694930009 
-0.000001107246476 
-0.000000006745294 
0.000000002108299 
0.000000000319730 
0.000000002432715 
0.000000001394123 
0.000000000702103 
-0.000000000286374 
0.000000000495285 
0.000000000326205 
0.000000000317059 
0.000000000194897 
0.000000000268167 
0.000000000597555 
-0.000000000447635 
0.000000000410115 
-0.000000000372462 
0.000000000739804 
-0.000000000253920 
0.000000001746042 
0.000000000448452 
-0.000000000290511 
-0.000000003229590 
0.000000000713981 
-0.000000000724750 
0.000000000641807 
-0.000000000958813 
0.000000000600109 
-0.000000000729884 
0.000000000000367 
-0.000000001346858 
0.000000000410875 
-0.000000000483284 
0.000000000002093 
-0.000000000567325 
0.000000000126845 
-0.000000000920352 
-0.000000002632000 
-0.000000002368404 
-0.000000000286374 
0.000000000003594 
-0.000000001081915 
-0.000000000551190 
-0.000000000816233 
-0.000000000300415 
-0.000000010236722 
-0.000001110420271 
-0.000000694926086 
0.000191800922039 
0.001368516706862 
0.002035638317466 
-0.009184144437313 
-0.039636306464672 
-0.056745771318674 
-0.028053656220436 
l=4 j=1 A.y 
0.000000000000000 
0.035083048045635 
0.015274875797331 
-0.016994405537844 
-0.018627926707268 
-0.006480188574642 
-0.000624600506853 
0.000108556552732 
0.000020491599571 
0.000000270708284 
-0.000000034005353 
0.000000001381051 
-0.000000000124740 
0.000000001577896 
0.000000002062825 
0.000000003312895 
-0.000000000627672 
0.000000001005421 
-0.000000000187452 
0.000000001539946 
-0.000000000432521 
0.000000001386546 
0.000000000438165 
0.000000001804804 
-0.000000000592052 
0.000000000852056 
-0.000000000033548 
0.000000000993202 
0.000000000451160 
0.000000003245044 
0.000000004153304 
0.000000002629327 
0.000000000000000 
0.000000000241218 
0.000000000686788 
0.000000000369859 
0.000000000578596 
0.000000000352006 
0.000000001461188 
0.000000000168297 
0.000000000591345 
-0.000000000316060 
0.000000001176609 
-0.000000000086341 
0.000000001528621 
0.000000001205316 
0.000000002387122 
-0.000000000398918 
0.000000000627672 
-0.000000000233223 
0.000000001013397 
-0.000000000038354 
0.000000000801847 
0.000000000609596 
0.000000035091453 
-0.000000270514960 
-0.000020491597752 
-0.000108553300379 
0.000624602485914 
0.006480189505965 
0.018627922981977 
0.016994390636683 
-0.015274891629815 
-0.035083059221506 
l=4 j=2 A.x 
0.047442268580198 
0.015466218814254 
-0.008869662880898 
0.019863331690431 
0.035108495503664 
0.017511188983917 
0.002661195117980 
-0.000320472026942 
-0.000102839578176 
-0.000003216781806 
0.000000227969977 
0.000000001320653 
-0.000000003915037 
0.000000002480681 
-0.000000000767074 
0.000000000183473 
-0.000000001392681 
0.000000000754800 
-0.000000000520545 
-0.000000000560534 
-0.000000000145826 
-0.000000000640315 
0.000000001606447 
-0.000000002275913 
0.000000001967831 
-0.000000002439828 
0.000000002358135 
-0.000000003472871 
0.000000004085353 
0.000000000247475 
0.000000005627325 
-0.000000004298117 
0.000000003407348 
-0.000000003371628 
0.000000003309761 
-0.000000003420349 
0.000000003180511 
-0.000000002154004 
0.000000002901218 
-0.000000002422035 
0.000000001964517 
-0.000000001498413 
0.000000001137605 
-0.000000000486025 
0.000000001876124 
0.000000002501919 
0.000000000157814 
0.000000001386921 
-0.000000001392681 
0.000000002042367 
-0.000000002111065 
0.000000002755619 
-0.000000001334367 
0.000000004567252 
0.000000228110693 
-0.000003214778417 
-0.000102839578176 
-0.000320468097925 
0.002661195350811 
0.017511192709208 
0.035108491778374 
0.019863313063979 
-0.008869674056768 
0.015466221608222 
l=4 j=2 A.y 
0.000000000000000 
0.008945547044277 
-0.033863961696625 
-0.052405424416065 
-0.020557567477226 
0.003654152154922 
0.004291979130358 
0.000859029183630 
0.000016565647456 
-0.000006258054782 
-0.000000125656229 
0.000000006264864 
-0.000000003256020 
-0.000000000394042 
-0.000000003180969 
0.000000002521562 
-0.000000003002494 
0.000000003008378 
-0.000000003255390 
0.000000003241488 
-0.000000003980233 
0.000000002544949 
-0.000000003267392 
0.000000002656021 
-0.000000002822147 
0.000000002360546 
-0.000000002328945 
0.000000000551328 
-0.000000004179920 
-0.000000000549654 
-0.000000000167836 
-0.000000001066961 
0.000000000000000 
-0.000000000625095 
0.000000000879819 
-0.000000001680499 
0.000000000973211 
-0.000000002294098 
0.000000002531566 
-0.000000003292166 
0.000000002833358 
-0.000000003283176 
0.000000003186377 
-0.000000004379145 
0.000000002583995 
-0.000000002841233 
0.000000004660021 
-0.000000004588480 
0.000000003002494 
-0.000000002929360 
0.000000002544857 
-0.000000002882901 
0.000000001397385 
-0.000000005500655 
0.000000126824744 
0.000006256736015 
-0.000016565658370 
-0.000859028019477 
-0.004291978199035 
-0.003654146101326 
0.020557574927807 
0.052405431866646 
0.033863957971334 
-0.008945546112955 
l=4 j=3 A.x 
-0.002268007257953 
-0.025012522935867 
-0.015865929424763 
0.034803811460733 
0.030293362215161 
-0.003767797024921 
-0.009979475289583 
-0.002882232656702 
-0.000142460703501 
0.000025828387152 
0.000001084794803 
-0.000000023108377 
-0.000000011873195 
0.000000007996596 
-0.000000007160448 
0.000000006275821 
-0.000000005502602 
0.000000003930603 
-0.000000002040567 
0.000000000157418 
0.000000000855495 
-0.000000002904298 
0.000000004963681 
-0.000000006757087 
0.000000007658640 
-0.000000008893324 
0.000000009655954 
-0.000000013290474 
0.000000009093806 
-0.000000012900213 
0.000000012463408 
-0.000000015761264 
0.000000013194187 
-0.000000013105291 
0.000000012816367 
-0.000000012703580 
0.000000011907824 
-0.000000010648407 
0.000000009903934 
-0.000000009659573 
0.000000007638309 
-0.000000006253100 
0.000000004175359 
-0.000000004030153 
0.000000001401877 
0.000000001471392 
-0.000000003120015 
0.000000001897352 
-0.000000005502604 
0.000000006897591 
-0.000000008378310 
0.000000008643042 
-0.000000008448212 
-0.000000021085935 
0.000001083125198 
0.000025826962883 
-0.000142460790812 
-0.002882232191041 
-0.009979474358261 
-0.003767781890929 
0.030293375253677 
0.034803815186024 
-0.015865927562118 
-0.025012511759996 
l=4 j=3 A.y 
0.000000000000000 
0.035033833235502 
0.007755090016872 
0.012502515688539 
0.044675145298243 
0.034292958676815 
0.008079338818789 
-0.000584151945077 
-0.000386969681131 
-0.000022214164346 
0.000001094398499 
0.000000020628601 
-0.000000007919402 
0.000000006507106 
-0.000000008669794 
0.000000012425877 
-0.000000011660134 
0.000000012349296 
-0.000000012835640 
0.000000013315016 
-0.000000014153646 
0.000000012397249 
-0.000000012169106 
0.000000012248222 
-0.000000010962733 
0.000000010014732 
-0.000000007953416 
0.000000007580523 
-0.000000008561613 
0.000000002088879 
-0.000000001748453 
0.000000003134910 
0.000000000000000 
-0.000000001628397 
0.000000003312043 
-0.000000004791652 
0.000000005298373 
-0.000000007868501 
0.000000009173717 
-0.000000010063686 
0.000000010994003 
-0.000000011893039 
0.000000012822020 
-0.000000014017319 
0.000000011048727 
-0.000000014608162 
0.000000013584606 
-0.000000013250396 
0.000000011660134 
-0.000000010776022 
0.000000009582326 
-0.000000008897322 
0.000000005819342 
-0.000000020416451 
-0.000001093789933 
0.000022211677788 
0.000386969652027 
0.000584150431678 
-0.008079341612756 
-0.034292958676815 
-0.044675137847662 
-0.012502497993410 
-0.007755093276501 
-0.035033836960793 
l=5 j=0 A.x 
0.069551929831505 
0.059816163033247 
0.037938170135021 
0.017586160451174 
0.005864501930773 
0.001373501727358 
0.000218270040932 
0.000022416021238 
0.000001389520435 
0.000000046222432 
0.000000000027130 
-0.000000001323069 
-0.000000000327566 
-0.000000001131515 
-0.000000001662775 
-0.000000002653389 
-0.000000000000324 
-0.000000000347498 
-0.000000000306038 
-0.000000000566045 
-0.000000000079834 
-0.000000000333793 
-0.000000000386690 
-0.000000000626599 
-0.000000000000157 
-0.000000000136908 
-0.000000000116221 
-0.000000000210639 
-0.000000000090534 
-0.000000000233986 
-0.000000000287766 
-0.000000000234914 
0.000000000000000 
0.000000000018729 
0.000000000036439 
0.000000000113190 
0.000000000023290 
0.000000000143761 
0.000000000227898 
0.000000000483243 
-0.000000000000082 
0.000000000181023 
0.000000000201107 
0.000000000479305 
0.000000000169589 
0.000000000724303 
0.000000001291931 
0.000000002336450 
-0.000000000000324 
0.000000000425138 
0.000000000457479 
0.000000001049041 
0.000000000191830 
0.000000001055075 
0.000000002315548 
0.000000050108035 
0.000001389520662 
0.000022420868845 
0.000218273678911 
0.001373507315293 
0.005864502396435 
0.017586167901754 
0.037938173860312 
0.059816166758537 
l=5 j=0 A.y 
0.000000000000000 
0.002938584191725 
0.003736586309969 
0.002608663169667 
0.001166522386484 
0.000344044470694 
0.000066211527155 
0.000008020586392 
0.000000575558317 
0.000000021861588 
0.000000000014501 
-0.000000000793017 
-0.000000000218873 
-0.000000000839189 
-0.000000001364605 
-0.000000002404893 
-0.000000000000324 
-0.000000000383405 
-0.000000000372908 
-0.000000000763224 
-0.000000000119479 
-0.000000000556901 
-0.000000000723446 
-0.000000001324833 
-0.000000000000379 
-0.000000000382632 
-0.000000000383130 
-0.000000000840921 
-0.000000000455145 
-0.000000001577407 
-0.000000002921747 
-0.000000004781823 
0.000000000000000 
-0.000000000381229 
-0.000000000369967 
-0.000000000763065 
-0.000000000117086 
-0.000000000573926 
-0.000000000751279 
-0.000000001350571 
0.000000000000197 
-0.000000000382740 
-0.000000000376245 
-0.000000000799671 
-0.000000000253808 
-0.000000000976609 
-0.000000001574222 
-0.000000002577874 
0.000000000000324 
-0.000000000385323 
-0.000000000375443 
-0.000000000778021 
-0.000000000128177 
-0.000000000632387 
-0.000000001237686 
-0.000000023699320 
-0.000000575558147 
-0.000008022310794 
-0.000066212560341 
-0.000344045314705 
-0.001166521105915 
-0.002608657348901 
-0.003736574901268 
-0.002938561374322 
l=5 j=1 A.x 
0.000000000000000 
-0.002260152949020 
-0.005804197397083 
-0.006179724354297 
-0.003773441538215 
-0.001436158199795 
-0.000345519365510 
-0.000051416758652 
-0.000004495257144 
-0.000000211718302 
-0.000000004591360 
0.000000000014114 
-0.000000000167982 
-0.000000000864886 
-0.000000001435752 
-0.000000001189814 
0.000000000001102 
0.000000000043750 
0.000000000051326 
0.000000000027139 
0.000000000053516 
-0.000000000279593 
-0.000000000493364 
-0.000000000432480 
0.000000000003044 
0.000000000005654 
-0.000000000043625 
-0.000000000355026 
-0.000000001073521 
-0.000000002735600 
-0.000000003937409 
-0.000000003134838 
0.000000000004346 
-0.000000000006726 
-0.000000000001616 
-0.000000000064102 
-0.000000000010909 
-0.000000000385645 
-0.000000000592244 
-0.000000000533046 
0.000000000003288 
-0.000000000030071 
-0.000000000057778 
-0.000000000243903 
-0.000000000485589 
-0.000000001367043 
-0.000000001902645 
-0.000000001524125 
0.000000000001102 
-0.000000000056354 
-0.000000000074070 
-0.000000000179721 
-0.000000000123564 
-0.000000000628894 
-0.000000005506605 
-0.000000212597101 
-0.000004495255325 
-0.000051416798669 
-0.000345518987160 
-0.001436156337149 
-0.003773436881602 
-0.006179708056152 
-0.005804179236293 
-0.002260135021061 
l=5 j=1 A.y 
0.000000000000000 
0.046006400138140 
0.058930963277817 
0.041660275310278 
0.018970364704728 
0.005733461584896 
0.001139024156146 
0.000143700119224 
0.000010852509149 
0.000000447640588 
0.000000008589828 
-0.000000000023547 
0.000000000251402 
0.000000001166164 
0.000000001749468 
0.000000001312757 
-0.000000000001102 
-0.000000000039653 
-0.000000000042123 
-0.000000000020128 
-0.000000000035758 
0.000000000167582 
0.000000000263708 
0.000000000204548 
-0.000000000001261 
-0.000000000002023 
0.000000000013234 
0.000000000088929 
0.000000000213537 
0.000000000405787 
0.000000000387800 
0.000000000154004 
0.000000000000000 
-0.000000000000330 
-0.000000000000159 
-0.000000000009509 
-0.000000000002170 
-0.000000000096599 
-0.000000000179655 
-0.000000000190727 
0.000000000001362 
-0.000000000014222 
-0.000000000030883 
-0.000000000146190 
-0.000000000324460 
-0.000000001013868 
-0.000000001561461 
-0.000000001381387 
0.000000000001102 
-0.000000000062177 
-0.000000000090254 
-0.000000000242326 
-0.000000000184926 
-0.000000001049247 
-0.000000010302139 
-0.000000449499112 
-0.000010852509149 
-0.000143700410263 
-0.001139024156146 
-0.005733463447541 
-0.018970364704728 
-0.041660275310278 
-0.058930959552526 
-0.046006392687559 
l=5 j=2 A.x 
0.047974556684494 
0.016851909458637 
-0.036972653120756 
-0.055942803621292 
-0.038282521069050 
-0.015561173669994 
-0.003949347883463 
-0.000619852857199 
-0.000057507939346 
-0.000002907022917 
-0.000000069418263 
0.000000000845665 
0.000000002115834 
0.000000002593552 
0.000000001733741 
0.000000000192228 
-0.000000000015637 
0.000000000273460 
0.000000000318958 
0.000000000445134 
0.000000000509126 
0.000000000591178 
0.000000000415391 
0.000000000204760 
-0.000000000003181 
0.000000000116152 
0.000000000187462 
0.000000000366911 
0.000000000589443 
0.000000000623828 
0.000000000287930 
-0.000000000028014 
0.000000000000000 
-0.000000000013478 
-0.000000000039724 
-0.000000000080637 
-0.000000000153581 
-0.000000000247418 
-0.000000000248034 
-0.000000000134321 
-0.000000000006304 
-0.000000000132992 
-0.000000000275420 
-0.000000000541313 
-0.000000001119067 
-0.000000001668863 
-0.000000001332624 
-0.000000000025315 
-0.000000000015637 
-0.000000000304027 
-0.000000000518836 
-0.000000000740388 
-0.000000001274701 
-0.000000002563707 
-0.000000072004902 
-0.000002908716397 
-0.000057507946622 
-0.000619856058620 
-0.003949351608753 
-0.015561179257929 
-0.038282524794340 
-0.055942807346582 
-0.036972656846046 
0.016851911321282 
l=5 j=2 A.y 
0.000000000000000 
0.000827882497106 
-0.003641491290182 
-0.008298339322209 
-0.007614869624376 
-0.003897873451933 
-0.001198022160679 
-0.000221787049668 
-0.000023820572096 
-0.000001374919975 
-0.000000037104847 
0.000000000506872 
0.000000001413755 
0.000000001923510 
0.000000001422845 
0.000000000174225 
-0.000000000015637 
0.000000000301716 
0.000000000388651 
0.000000000600194 
0.000000000761960 
0.000000000986321 
0.000000000777142 
0.000000000432928 
-0.000000000007681 
0.000000000324622 
0.000000000617978 
0.000000001464791 
0.000000002963330 
0.000000004205514 
0.000000002923407 
-0.000000000570251 
0.000000000000000 
0.000000000274356 
0.000000000403322 
0.000000000543611 
0.000000000772104 
0.000000000987750 
0.000000000817659 
0.000000000375402 
0.000000000015220 
0.000000000281189 
0.000000000515275 
0.000000000903126 
0.000000001674802 
0.000000002250201 
0.000000001623807 
0.000000000027931 
0.000000000015637 
0.000000000275554 
0.000000000425798 
0.000000000549109 
0.000000000851728 
0.000000001536626 
0.000000038487407 
0.000001375719535 
0.000023820564820 
0.000221787922783 
0.001198022044264 
0.003897868562490 
0.007614861242473 
0.008298317901790 
0.003641480114311 
-0.000827876094263 
l=5 j=3 A.x 
0.000000000000000 
-0.002147845691070 
-0.001513846684247 
0.005872021894902 
0.010516849346459 
0.007787576876581 
0.003156342543662 
0.000739318784326 
0.000098536052974 
0.000007015202300 
0.000000237449711 
0.000000003085796 
0.000000000484334 
0.000000000388459 
-0.000000000585234 
-0.000000001656007 
0.000000000029452 
-0.000000000096585 
0.000000000028706 
-0.000000000404139 
-0.000000000080586 
-0.000000000124919 
-0.000000000203993 
-0.000000000838434 
0.000000000099119 
-0.000000000001717 
0.000000000696752 
0.000000001394886 
0.000000003114776 
0.000000002207045 
-0.000000001030673 
-0.000000003341220 
0.000000000118066 
-0.000000000114593 
0.000000000118205 
-0.000000000352778 
0.000000000153199 
0.000000000012894 
-0.000000000144630 
-0.000000000757411 
0.000000000093769 
-0.000000000001824 
0.000000000348645 
0.000000000496678 
0.000000001421938 
0.000000001035434 
-0.000000000511188 
-0.000000001510022 
0.000000000029452 
0.000000000051884 
0.000000000043958 
-0.000000000070363 
0.000000000360537 
0.000000003548522 
0.000000237183983 
0.000007015000847 
0.000098536016594 
0.000739319366403 
0.003156339284033 
0.007787564303726 
0.010516837239265 
0.005872006062418 
-0.001513841911219 
-0.002147829160094 
l=5 j=3 A.y 
0.000000000000000 
0.043720338493586 
0.015370331704617 
-0.039585918188095 
-0.052871756255627 
-0.031089730560780 
-0.010405061766505 
-0.002066256245598 
-0.000237887041294 
-0.000014832393390 
-0.000000444237031 
-0.000000005148331 
-0.000000000724849 
-0.000000000523769 
0.000000000713115 
0.000000001827127 
-0.000000000029447 
0.000000000087544 
-0.000000000023554 
0.000000000299733 
0.000000000053849 
0.000000000074876 
0.000000000109039 
0.000000000396552 
-0.000000000041054 
0.000000000000616 
-0.000000000211356 
-0.000000000349399 
-0.000000000619566 
-0.000000000327383 
0.000000000101513 
0.000000000164143 
0.000000000000000 
-0.000000000005630 
0.000000000011642 
-0.000000000052330 
0.000000000030472 
0.000000000003228 
-0.000000000043875 
-0.000000000271008 
0.000000000038838 
-0.000000000000865 
0.000000000186352 
0.000000000297694 
0.000000000950106 
0.000000000767927 
-0.000000000419526 
-0.000000001368610 
0.000000000029447 
0.000000000057239 
0.000000000053557 
-0.000000000094880 
0.000000000539575 
0.000000005920347 
0.000000443740220 
0.000014831983208 
0.000237887041294 
0.002066260203719 
0.010405062697828 
0.031089730560780 
0.052871756255627 
0.039585914462805 
-0.015370332635939 
-0.043720342218876 
l=6 j=0 A.x 
0.068833246827126 
0.050478141754866 
0.016353636980057 
-0.002965562976897 
-0.004694798029959 
-0.001665123854764 
-0.000230709047173 
-0.000000485603550 
0.000002320226713 
0.000000097245575 
-0.000000002354010 
-0.000000000525451 
0.000000000252783 
0.000000000439722 
0.000000000266328 
-0.000000000842740 
-0.000000000092250 
-0.000000000104149 
-0.000000000225976 
-0.000000000143227 
-0.000000000036938 
0.000000000173154 
0.000000000088769 
0.000000000079696 
-0.000000000104266 
0.000000000023839 
-0.000000000162946 
0.000000000080824 
0.000000000179155 
0.000000001313380 
0.000000002236483 
0.000000002293569 
-0.000000000105129 
0.000000000115924 
-0.000000000089740 
0.000000000247514 
-0.000000000123704 
0.000000000323345 
0.000000000345746 
0.000000000846024 
-0.000000000104121 
0.000000000206880 
-0.000000000027297 
0.000000000417363 
-0.000000000166034 
0.000000000698161 
0.000000001512470 
0.000000002947655 
-0.000000000092250 
0.000000000331467 
0.000000000106272 
0.000000000772641 
-0.000000000233597 
0.000000000515349 
-0.000000001039361 
0.000000100229443 
0.000002320227168 
-0.000000483095619 
-0.000230707781157 
-0.001665121177211 
-0.004694799426943 
-0.002965565305203 
0.016353627666831 
0.050478130578995 
l=6 j=0 A.y 
0.000000000000000 
-0.031738962978125 
-0.035035938024521 
-0.018389053642750 
-0.004610092379153 
-0.000144101097248 
0.000187096782611 
0.000035583103454 
0.000001446461852 
-0.000000079731791 
-0.000000002543826 
-0.000000000261496 
0.000000000106445 
-0.000000000538190 
-0.000000001600245 
-0.000000002739421 
-0.000000000041427 
-0.000000000142953 
-0.000000000136153 
-0.000000000388514 
0.000000000085709 
-0.000000000191693 
-0.000000000433085 
-0.000000001008668 
-0.000000000019011 
-0.000000000180491 
-0.000000000119484 
-0.000000000304880 
0.000000000370051 
0.000000000023474 
-0.000000001223620 
-0.000000003791628 
0.000000000000000 
-0.000000000201467 
-0.000000000117542 
-0.000000000394942 
0.000000000117281 
-0.000000000091642 
-0.000000000121017 
-0.000000000745219 
0.000000000018688 
-0.000000000216892 
-0.000000000087517 
-0.000000000338508 
0.000000000325048 
0.000000000409344 
0.000000000477242 
-0.000000000885929 
0.000000000041427 
-0.000000000216912 
-0.000000000027453 
-0.000000000285411 
0.000000000200619 
0.000000000246743 
0.000000003202667 
0.000000079805744 
-0.000001446461511 
-0.000035584489524 
-0.000187097248272 
0.000144100893522 
0.004610090982169 
0.018389051780105 
0.035035941749811 
0.031738981604576 
l=6 j=1 A.x 
0.001802399405278 
0.024479836225510 
0.052675433456898 
0.042862787842751 
0.015613639727235 
0.001259461510926 
-0.000790874764789 
-0.000217134191189 
-0.000013998360373 
0.000000493169125 
0.000000032021905 
-0.000000002211823 
-0.000000000007111 
-0.000000002216132 
-0.000000002295168 
-0.000000003365761 
0.000000000627672 
-0.000000000952033 
0.000000000247489 
-0.000000001381599 
0.000000000474181 
-0.000000001096411 
-0.000000000032337 
-0.000000001679108 
0.000000000708639 
-0.000000000828456 
0.000000000633762 
-0.000000000692129 
0.000000001440481 
-0.000000000512843 
-0.000000001095196 
-0.000000003471756 
0.000000000713981 
-0.000000000697617 
0.000000000763461 
-0.000000000810163 
0.000000000775847 
-0.000000000477765 
0.000000000812098 
-0.000000000934368 
0.000000000708677 
-0.000000000550910 
0.000000000979477 
-0.000000000343581 
0.000000001460803 
0.000000000886251 
0.000000001827778 
-0.000000000629140 
0.000000000627672 
-0.000000000232452 
0.000000001204996 
0.000000000123299 
0.000000001053169 
0.000000000679230 
0.000000034864691 
0.000000495332756 
-0.000013998358554 
-0.000217129607336 
-0.000790869933553 
0.001259464304894 
0.015613636933267 
0.042862787842751 
0.052675444632769 
0.024479852989316 
l=6 j=1 A.y 
0.000000000000000 
0.037663858383894 
0.026051931083202 
-0.004756810609251 
-0.013695339672267 
-0.006674612872303 
-0.001279646763578 
-0.000037764042645 
0.000014981136701 
0.000001027648750 
-0.000000013283848 
-0.000000001208331 
-0.000000000343128 
-0.000000001869925 
-0.000000000964899 
-0.000000000374003 
0.000000000286374 
-0.000000000591449 
-0.000000000283367 
-0.000000000750430 
-0.000000000014542 
-0.000000000890116 
-0.000000000740280 
-0.000000000798930 
0.000000000128649 
-0.000000000422361 
-0.000000000383119 
-0.000000000756229 
-0.000000001084998 
-0.000000003235492 
-0.000000004016825 
-0.000000002300113 
0.000000000000000 
-0.000000000311095 
-0.000000000548381 
-0.000000000632262 
-0.000000000304901 
-0.000000000654506 
-0.000000001214730 
-0.000000000984533 
-0.000000000127612 
-0.000000000173078 
-0.000000000651948 
-0.000000000459635 
-0.000000000467788 
-0.000000001230607 
-0.000000003047131 
-0.000000002317899 
-0.000000000286374 
-0.000000000019283 
-0.000000000863422 
-0.000000000538590 
-0.000000000447247 
0.000000000022420 
0.000000010984256 
-0.000001029979103 
-0.000014981137610 
0.000037764300941 
0.001279644900933 
0.006674610543996 
0.013695342466235 
0.004756825510412 
-0.026051914319396 
-0.037663847208023 
l=6 j=2 A.x 
0.047442268580198 
0.016268562525511 
-0.015305770561099 
0.003795514348894 
0.024568976834416 
0.017166044563055 
0.004597199615091 
0.000297234480968 
-0.000061004870076 
-0.000006878246950 
0.000000022173923 
0.000000006147657 
-0.000000004506400 
0.000000000343018 
-0.000000003269505 
0.000000002527395 
-0.000000003002501 
0.000000002919901 
-0.000000003091291 
0.000000003264620 
-0.000000003621454 
0.000000002546283 
-0.000000003609234 
0.000000003496954 
-0.000000003387027 
0.000000003383526 
-0.000000003254610 
0.000000003322694 
-0.000000005373959 
-0.000000000396374 
-0.000000005551940 
0.000000004172842 
-0.000000003407347 
0.000000003416664 
-0.000000003417808 
0.000000003760894 
-0.000000003310840 
0.000000002981092 
-0.000000003818738 
0.000000003960786 
-0.000000003392612 
0.000000003488510 
-0.000000003281399 
0.000000004091169 
-0.000000003105265 
0.000000001992618 
-0.000000004601274 
0.000000004430437 
-0.000000003002501 
0.000000003115433 
-0.000000002907816 
0.000000003558668 
-0.000000001801667 
0.000000007004121 
0.000000021280666 
-0.000006875955478 
-0.000061004888266 
0.000297236110782 
0.004597197752446 
0.017166048288345 
0.024568986147642 
0.003795537631959 
-0.015305761247873 
0.016268560662866 
l=6 j=2 A.y 
0.000000000000000 
-0.007386514917016 
0.031482886523008 
0.055914886295795 
0.032428160309792 
0.005032048095018 
-0.002090168185532 
-0.000867343682330 
-0.000084432249423 
0.000001483459982 
0.000000259360974 
-0.000000001788530 
-0.000000002371006 
0.000000002488240 
-0.000000000131769 
-0.000000000064574 
-0.000000001392689 
0.000000001046030 
-0.000000001145647 
0.000000000404550 
-0.000000001657904 
0.000000000634967 
-0.000000000479563 
-0.000000000074347 
-0.000000000604100 
0.000000000276912 
-0.000000000626343 
-0.000000001150875 
-0.000000002298350 
-0.000000000454150 
0.000000000933221 
-0.000000001483111 
0.000000000000000 
-0.000000000291606 
0.000000000217212 
-0.000000000615259 
-0.000000000317997 
-0.000000001007818 
0.000000000493094 
-0.000000001008349 
0.000000000614369 
-0.000000000924528 
0.000000000824379 
-0.000000001635670 
-0.000000000744453 
-0.000000003218944 
0.000000000754350 
-0.000000001829981 
0.000000001392689 
-0.000000001745395 
0.000000001574032 
-0.000000001800091 
0.000000000698046 
-0.000000001434956 
-0.000000260127166 
-0.000001484177574 
0.000084432242147 
0.000867340539116 
0.002090170048177 
-0.005032041575760 
-0.032428152859211 
-0.055914886295795 
-0.031482890248299 
0.007386526092887 
l=6 j=3 A.x 
0.002268007257953 
0.021458160132170 
0.014048125594854 
-0.036934461444616 
-0.045083861798048 
-0.012842697091401 
0.003808986861259 
0.002598577411845 
0.000374363851734 
0.000000786434896 
-0.000001512638732 
-0.000000007299604 
0.000000011860243 
-0.000000008548202 
0.000000009900136 
-0.000000012981180 
0.000000011660132 
-0.000000011904564 
0.000000012190910 
-0.000000012695978 
0.000000013403647 
-0.000000012302473 
0.000000012875915 
-0.000000013754652 
0.000000013167300 
-0.000000013227909 
0.000000012447315 
-0.000000015294583 
0.000000011677970 
-0.000000012951102 
0.000000012565037 
-0.000000015992640 
0.000000013194190 
-0.000000013201793 
0.000000013216255 
-0.000000013547508 
0.000000013028997 
-0.000000013100241 
0.000000013331467 
-0.000000013851284 
0.000000013175036 
-0.000000013160367 
0.000000012980828 
-0.000000014261973 
0.000000010744169 
-0.000000013552019 
0.000000012714899 
-0.000000013000622 
0.000000011660133 
-0.000000011400218 
0.000000011032730 
-0.000000011023153 
0.000000008609360 
-0.000000008065854 
-0.000001511205369 
0.000000785389602 
0.000374363822630 
0.002598577179015 
0.003808992216364 
-0.012842686846852 
-0.045083854347467 
-0.036934457719326 
0.014048129320145 
0.021458175033331 
l=6 j=3 A.y 
0.000000000000000 
0.037316795438528 
0.010701369494200 
0.001861137337983 
0.029681678861380 
0.032019812613726 
0.012262025848031 
0.001376914675348 
-0.000172893909621 
-0.000034058131860 
-0.000000293959062 
0.000000030104019 
0.000000007938778 
-0.000000005763359 
0.000000005331469 
-0.000000005027664 
0.000000005502599 
-0.000000005122126 
0.000000004505466 
-0.000000004015793 
0.000000004625990 
-0.000000003282669 
0.000000002633644 
-0.000000002546901 
0.000000002336346 
-0.000000002099634 
0.000000001248465 
-0.000000000420347 
0.000000004429852 
0.000000001745794 
-0.000000000716628 
-0.000000001574951 
0.000000000000000 
0.000000000336012 
-0.000000000748051 
0.000000000897668 
-0.000000000338128 
0.000000001919773 
-0.000000002125330 
0.000000001651363 
-0.000000002372830 
0.000000002711153 
-0.000000003651841 
0.000000003053439 
-0.000000002932993 
0.000000005648558 
-0.000000005710281 
0.000000003186979 
-0.000000005502599 
0.000000005808144 
-0.000000006347898 
0.000000005688118 
-0.000000005578159 
-0.000000028220382 
0.000000292908027 
0.000034055450669 
0.000172893953277 
-0.001376913511194 
-0.012262024916708 
-0.032019816339016 
-0.029681688174605 
-0.001861148164608 
-0.010701363906264 
-0.037316784262657 
l=7 j=0 A.x 
0.066529482603073 
0.022831818088889 
-0.028611103072762 
-0.019180279225111 
0.001556973089464 
0.002709154970944 
0.000034429020161 
-0.000111134853796 
0.000005657981092 
0.000000687241311 
-0.000000092797059 
0.000000016924687 
-0.000000013371595 
0.000000013917892 
-0.000000012469069 
0.000000016322247 
-0.000000015760611 
0.000000016286929 
-0.000000016533681 
0.000000017406480 
-0.000000017382753 
0.000000017478399 
-0.000000017117772 
0.000000018440366 
-0.000000017732965 
0.000000017723346 
-0.000000017599831 
0.000000018012331 
-0.000000018173658 
0.000000017008416 
-0.000000015712549 
0.000000021577664 
-0.000000017616649 
0.000000017622165 
-0.000000017659907 
0.000000017987022 
-0.000000017667954 
0.000000017540007 
-0.000000017653164 
0.000000018694303 
-0.000000017732242 
0.000000017717577 
-0.000000017780422 
0.000000017956387 
-0.000000017475028 
0.000000016319525 
-0.000000017007251 
0.000000018923505 
-0.000000015760612 
0.000000015156509 
-0.000000014784666 
0.000000014177828 
-0.000000013075207 
0.000000016203739 
-0.000000094278221 
0.000000688885393 
0.000005657983820 
-0.000111135188490 
0.000034425840568 
0.002709154970944 
0.001556975301355 
-0.019180273637176 
-0.028611112385988 
0.022831797599792 
l=7 j=0 A.y 
0.000000000000000 
-0.054056923836470 
-0.028261322528124 
0.009340622462332 
0.008565178140998 
0.000001831746772 
-0.000635199830867 
0.000006965372904 
0.000013195409338 
-0.000001167137725 
0.000000038258676 
0.000000005966148 
-0.000000008788810 
0.000000009620086 
-0.000000008231780 
0.000000005665964 
-0.000000007792520 
0.000000007221831 
-0.000000006308644 
0.000000005728100 
-0.000000005442628 
0.000000004925434 
-0.000000003690706 
0.000000003000502 
-0.000000003115147 
0.000000002624240 
-0.000000001896754 
0.000000001508821 
-0.000000001554935 
0.000000002272743 
0.000000001546989 
-0.000000001257996 
0.000000000000000 
-0.000000000361891 
0.000000000984083 
-0.000000001035890 
0.000000001337361 
-0.000000001691165 
0.000000002892581 
-0.000000002580904 
0.000000003113986 
-0.000000003644286 
0.000000004492707 
-0.000000004663878 
0.000000005092184 
-0.000000005760314 
0.000000008588860 
-0.000000006100254 
0.000000007792520 
-0.000000008269612 
0.000000008950250 
-0.000000008448583 
0.000000008631019 
-0.000000006619767 
-0.000000036526252 
0.000001168838480 
-0.000013195408428 
-0.000006967743047 
0.000635200703982 
-0.000001828854806 
-0.008565177209675 
-0.009340629912913 
0.028261311352253 
0.054056931287050 
l=7 j=1 A.x 
0.003736447310075 
0.038686357438564 
0.041591104120016 
-0.016072900965810 
-0.025368200615048 
-0.001975917024538 
0.002795837353915 
0.000150434483658 
-0.000095096926088 
0.000005941252311 
0.000000074471885 
-0.000000074554059 
0.000000071801828 
-0.000000073869899 
0.000000079167798 
-0.000000085932562 
0.000000087658066 
-0.000000090976812 
0.000000093106081 
-0.000000095831048 
0.000000097081028 
-0.000000097079571 
0.000000098074750 
-0.000000099047867 
0.000000098391759 
-0.000000098303389 
0.000000097959983 
-0.000000098874487 
0.000000097801987 
-0.000000094603642 
0.000000100007924 
-0.000000098656429 
0.000000097326321 
-0.000000097350799 
0.000000097483976 
-0.000000097855967 
0.000000097650549 
-0.000000097479607 
0.000000098820124 
-0.000000098530563 
0.000000098388227 
-0.000000098289448 
0.000000098386543 
-0.000000098024607 
0.000000095888453 
-0.000000094455892 
0.000000096160036 
-0.000000090317322 
0.000000087658073 
-0.000000083787370 
0.000000080382051 
-0.000000075602919 
0.000000069668715 
-0.000000073565005 
0.000000077637509 
0.000005942334155 
-0.000095096933364 
0.000150436069816 
0.002795841312036 
-0.001975913066417 
-0.025368200615048 
-0.016072914004326 
0.041591092944145 
0.038686364889145 
l=7 j=1 A.y 
0.000000000000000 
0.014531210996211 
-0.038869239389896 
-0.042934611439705 
0.000873281911481 
0.009908668696880 
0.000876571750268 
-0.000601104868110 
0.000003154079877 
0.000008690503819 
-0.000000811383302 
0.000000002015652 
0.000000049623960 
-0.000000051403241 
0.000000046316725 
-0.000000047444424 
0.000000044308326 
-0.000000041092974 
0.000000037024343 
-0.000000033540683 
0.000000030421166 
-0.000000026558025 
0.000000022076362 
-0.000000020252735 
0.000000017081039 
-0.000000014519133 
0.000000011435907 
-0.000000009685792 
0.000000009543097 
-0.000000004619813 
0.000000000465452 
-0.000000004575756 
0.000000000000000 
0.000000001742908 
-0.000000004073607 
0.000000005380163 
-0.000000007114850 
0.000000009979826 
-0.000000012645893 
0.000000013714990 
-0.000000017070194 
0.000000019871003 
-0.000000023500057 
0.000000025877766 
-0.000000028986637 
0.000000035326043 
-0.000000037863508 
0.000000039036244 
-0.000000044308326 
0.000000046950912 
-0.000000049362516 
0.000000049783857 
-0.000000048169792 
-0.000000000036732 
0.000000811285929 
-0.000008692070878 
-0.000003154090564 
0.000601106032263 
-0.000876572041307 
-0.009908670559525 
-0.000873287208378 
0.042934603989124 
0.038869250565767 
-0.014531198889017 
l=7 j=2 A.x 
0.045724965631962 
0.012386569753289 
0.020200699567795 
0.051249351352453 
0.004656862467527 
-0.022325500845909 
-0.004643125459552 
0.001959939021617 
0.000141155294841 
-0.000055309941672 
0.000004351860298 
-0.000000021109468 
-0.000000254629867 
0.000000291713775 
-0.000000311815938 
0.000000327197881 
-0.000000343529052 
0.000000356735057 
-0.000000367414486 
0.000000374403783 
-0.000000379783529 
0.000000382640366 
-0.000000384411294 
0.000000384470525 
-0.000000384250143 
0.000000383346276 
-0.000000382958746 
0.000000381811248 
-0.000000377807424 
0.000000380453770 
-0.000000380062886 
0.000000379484590 
-0.000000378252821 
0.000000378405758 
-0.000000378801218 
0.000000379542797 
-0.000000380352617 
0.000000381708361 
-0.000000382470517 
0.000000383841666 
-0.000000384260119 
0.000000384698438 
-0.000000384336545 
0.000000382664979 
-0.000000378706943 
0.000000376634233 
-0.000000367107475 
0.000000358086510 
-0.000000343529081 
0.000000327888898 
-0.000000310500042 
0.000000293029672 
-0.000000255095955 
-0.000000019435832 
0.000004352713859 
-0.000055308493756 
0.000141155222082 
0.001959941582754 
-0.004643120802939 
-0.022325498983264 
0.004656851291656 
0.051249347627163 
0.020200707018375 
0.012386564165354 
l=7 j=2 A.y 
0.000000000000000 
-0.016548477113247 
0.019699107855558 
-0.014806832186878 
-0.044833201915026 
-0.009148507378995 
0.007557121105492 
0.001205652952194 
-0.000401097087888 
0.000008900084140 
0.000002594760645 
-0.000000058902273 
-0.000000198105752 
0.000000201505344 
-0.000000197507475 
0.000000187781339 
-0.000000177757286 
0.000000163678962 
-0.000000148720375 
0.000000132407223 
-0.000000117296587 
0.000000102506348 
-0.000000089767255 
0.000000076399061 
-0.000000065637742 
0.000000054960225 
-0.000000045671623 
0.000000037892846 
-0.000000029031483 
0.000000017834800 
-0.000000015471667 
0.000000005682194 
0.000000000000000 
-0.000000007092573 
0.000000013747820 
-0.000000021569491 
0.000000028940962 
-0.000000037388475 
0.000000045323148 
-0.000000055664962 
0.000000065636840 
-0.000000077235832 
0.000000089162469 
-0.000000102640229 
0.000000118393295 
-0.000000133836281 
0.000000147205725 
-0.000000164007986 
0.000000177757286 
-0.000000189192164 
0.000000196842947 
-0.000000203307508 
0.000000198194058 
0.000000058681128 
-0.000002595822707 
-0.000008899887689 
0.000401097087888 
-0.001205652602948 
-0.007557122968137 
0.009148498065770 
0.044833201915026 
0.014806850813329 
-0.019699098542333 
0.016548477113247 
l=7 j=3 A.x 
0.004719214979559 
0.036215875297785 
0.021518131718040 
0.007847138680518 
0.050759255886078 
0.022475343197584 
-0.014078471809626 
-0.004930104129016 
0.001115941093303 
0.000065764412284 
-0.000022486003218 
0.000001368247581 
0.000000732017895 
-0.000000925696497 
0.000000982483584 
-0.000001042675876 
0.000001095945322 
-0.000001141644248 
0.000001175228249 
-0.000001198662062 
0.000001212240591 
-0.000001221618618 
0.000001223351660 
-0.000001222988089 
0.000001219897172 
-0.000001216273063 
0.000001212145321 
-0.000001204644832 
0.000001201703981 
-0.000001201261853 
0.000001197002462 
-0.000001195724167 
0.000001194243737 
-0.000001194780793 
0.000001196432891 
-0.000001198710265 
0.000001202776275 
-0.000001207234277 
0.000001211397716 
-0.000001215415637 
0.000001219976753 
-0.000001222793003 
0.000001223411800 
-0.000001218869556 
0.000001214370513 
-0.000001199032454 
0.000001176023829 
-0.000001139971914 
0.000001095945436 
-0.000001040565962 
0.000000982728352 
-0.000000922268896 
0.000000736542574 
0.000001368995186 
-0.000022486230591 
0.000065767526394 
0.001115941326134 
-0.004930098075420 
-0.014078474603593 
0.022475333884358 
0.050759263336658 
0.007847152650356 
0.021518129855394 
0.036215882748365 
l=7 j=3 A.y 
0.000000000000000 
0.018235636875033 
-0.009871415793896 
0.025757372379303 
0.011608681641519 
-0.034739464521408 
-0.014332732185721 
0.004284007474780 
0.000957450538408 
-0.000223575683776 
0.000013102877347 
-0.000001069128302 
0.000000737638970 
-0.000000670216593 
0.000000645532680 
-0.000000621352513 
0.000000581394545 
-0.000000533161995 
0.000000479664152 
-0.000000426534513 
0.000000372916134 
-0.000000325650490 
0.000000281085534 
-0.000000241621251 
0.000000204036709 
-0.000000171099089 
0.000000141922243 
-0.000000115665756 
0.000000084552454 
-0.000000065817183 
0.000000041330569 
-0.000000024080725 
0.000000000000000 
0.000000020814690 
-0.000000042623430 
0.000000064397533 
-0.000000089517265 
0.000000113068516 
-0.000000141173359 
0.000000170255461 
-0.000000204201882 
0.000000240402812 
-0.000000280519799 
0.000000325342342 
-0.000000376193043 
0.000000424200010 
-0.000000479883681 
0.000000531079365 
-0.000000581394545 
0.000000619696380 
-0.000000645824684 
0.000000670932309 
-0.000000740654855 
0.000001065608785 
-0.000013102370758 
0.000223575319978 
-0.000957450363785 
-0.004284009803087 
0.014332727529109 
0.034739471971989 
-0.011608670465648 
-0.025757374241948 
0.009871420450509 
-0.018235621973872 
l=8 j=0 A.x 
0.062048025429249 
-0.011703045107424 
-0.038308490067720 
0.017325663939118 
0.006503829732537 
-0.005760487634689 
0.001031002262607 
0.000183106676559 
-0.000126825441839 
0.000035151904740 
-0.000008151051588 
0.000002366864919 
-0.000001288427484 
0.000001202492513 
-0.000001317760507 
0.000001451615958 
-0.000001552989715 
0.000001624923470 
-0.000001669933908 
0.000001695797209 
-0.000001706536636 
0.000001707508318 
-0.000001702518489 
0.000001694802336 
-0.000001683143637 
0.000001671749487 
-0.000001660544285 
0.000001650655690 
-0.000001640777441 
0.000001632953172 
-0.000001630172051 
0.000001629837925 
-0.000001624724177 
0.000001625800792 
-0.000001629041321 
0.000001634598902 
-0.000001641408403 
0.000001650179911 
-0.000001660969929 
0.000001672528128 
-0.000001683144887 
0.000001693917511 
-0.000001702905024 
0.000001707938850 
-0.000001706007765 
0.000001695378387 
-0.000001672131589 
0.000001626489507 
-0.000001552989829 
0.000001449394858 
-0.000001319224452 
0.000001203724423 
-0.000001288103931 
0.000002366637773 
-0.000008153410818 
0.000035152352211 
-0.000126825427287 
0.000183105454198 
0.001030999352224 
-0.005760486237705 
0.006503827404231 
0.017325671389699 
-0.038308486342430 
-0.011703066527843 
l=8 j=0 A.y 
0.000000000000000 
-0.055170606821775 
0.018075130879879 
0.019789876416326 
-0.011853220872581 
-0.000304465065710 
0.001775650656782 
-0.000587642367464 
0.000094559967692 
-0.000008732969036 
0.000000473904265 
0.000000332291648 
-0.000000718687886 
0.000000925347535 
-0.000000979687229 
0.000000946442754 
-0.000000870982149 
0.000000777445393 
-0.000000681551796 
0.000000590996251 
-0.000000508655319 
0.000000434689213 
-0.000000368667656 
0.000000311671442 
-0.000000261398952 
0.000000216806058 
-0.000000176961279 
0.000000142021065 
-0.000000110089282 
0.000000078951423 
-0.000000049462081 
0.000000026643743 
0.000000000000000 
-0.000000025874922 
0.000000052690105 
-0.000000080005691 
0.000000109559124 
-0.000000141969522 
0.000000177854986 
-0.000000216358131 
0.000000261409724 
-0.000000311940084 
0.000000369684869 
-0.000000434385299 
0.000000508641449 
-0.000000592279605 
0.000000682771315 
-0.000000775194621 
0.000000870982149 
-0.000000948084391 
0.000000981859785 
-0.000000924721292 
0.000000718407478 
-0.000000333371815 
-0.000000473448324 
0.000008735140000 
-0.000094559974968 
0.000587640097365 
-0.001775649259798 
0.000304464338114 
0.011853221803904 
-0.019789868965745 
-0.018075142055750 
0.055170599371195 
l=8 j=1 A.x 
0.006045209243894 
0.033078622072935 
-0.020234487950802 
-0.040388241410255 
0.025554336607456 
0.005965924821794 
-0.007772399578243 
0.002070881891996 
-0.000099341152236 
-0.000076926284237 
0.000029408360206 
-0.000008626057024 
0.000004560321941 
-0.000004764835012 
0.000005645354122 
-0.000006405371096 
0.000006936534191 
-0.000007269142316 
0.000007455890227 
-0.000007541229934 
0.000007560600352 
-0.000007538466434 
0.000007490927601 
-0.000007428453046 
0.000007362022643 
-0.000007295597243 
0.000007233058113 
-0.000007175955488 
0.000007128505786 
-0.000007094062767 
0.000007067868410 
-0.000007046907285 
0.000007042355719 
-0.000007047933650 
0.000007064558758 
-0.000007091743100 
0.000007129969617 
-0.000007177841781 
0.000007233357792 
-0.000007294927400 
0.000007361987173 
-0.000007428721347 
0.000007489824384 
-0.000007537371857 
0.000007561364782 
-0.000007543643278 
0.000007456201274 
-0.000007267514320 
0.000006936535101 
-0.000006405046861 
0.000005642489668 
-0.000004764523510 
0.000004562907634 
-0.000008627986972 
0.000029406941394 
-0.000076924661698 
-0.000099341319583 
0.002070882590488 
-0.007772401440889 
0.005965916905552 
0.025554344058037 
-0.040388230234385 
-0.020234504714608 
0.033078618347645 
l=8 j=1 A.y 
0.000000000000000 
-0.010536801069975 
-0.047782693058252 
0.027053494006395 
0.021888153627515 
-0.017170529812574 
0.001319586066529 
0.001888402621262 
-0.000828509102575 
0.000199662696104 
-0.000039209942770 
0.000005941793461 
0.000001971089205 
-0.000004183355486 
0.000004640574389 
-0.000004446233561 
0.000004010995326 
-0.000003514822311 
0.000003030968855 
-0.000002588281177 
0.000002195533625 
-0.000001853982667 
0.000001559499538 
-0.000001304605803 
0.000001083613711 
-0.000000892229480 
0.000000725326458 
-0.000000576876971 
0.000000441719806 
-0.000000320190253 
0.000000212375681 
-0.000000106213008 
0.000000000000000 
0.000000103939740 
-0.000000210325268 
0.000000322947415 
-0.000000444346426 
0.000000576676484 
-0.000000723791004 
0.000000891902346 
-0.000001083569714 
0.000001303994623 
-0.000001558666440 
0.000001854961965 
-0.000002197671165 
0.000002588319148 
-0.000003028252195 
0.000003514410309 
-0.000004010995326 
0.000004444586011 
-0.000004640579391 
0.000004186038041 
-0.000001972735163 
-0.000005943220913 
0.000039212420234 
-0.000199662041268 
0.000828509044368 
-0.001888402854092 
-0.001319587696344 
0.017170533537865 
-0.021888146176934 
-0.027053512632847 
0.047782681882381 
0.010536815039814 
l=8 j=2 A.x 
0.042310938239098 
0.002746011596173 
0.012809651903808 
-0.021747913211584 
-0.037869058549404 
0.029242504388094 
0.003553605638444 
-0.007736002560705 
0.002717325929552 
-0.000495180080179 
0.000062439656176 
-0.000007040164292 
-0.000004694405106 
0.000011946192899 
-0.000016986605260 
0.000020203464373 
-0.000022111240469 
0.000023153956136 
-0.000023644040994 
0.000023789129045 
-0.000023724935090 
0.000023541057089 
-0.000023292359401 
0.000023017153580 
-0.000022739368433 
0.000022474905563 
-0.000022233542040 
0.000022023108613 
-0.000021850193662 
0.000021712601665 
-0.000021609523174 
0.000021551333703 
-0.000021529562218 
0.000021549707526 
-0.000021609976102 
0.000021709854991 
-0.000021848742108 
0.000022024840291 
-0.000022234584321 
0.000022475314836 
-0.000022739221095 
0.000023016647901 
-0.000023291564503 
0.000023540818802 
-0.000023727274311 
0.000023789994884 
-0.000023643278837 
0.000023154743758 
-0.000022111242288 
0.000020202651285 
-0.000016985848561 
0.000011945040569 
-0.000004697029908 
-0.000007039002412 
0.000062440361944 
-0.000495179789141 
0.002717326162383 
-0.007736000698060 
0.003553600749001 
0.029242509976029 
-0.037869051098824 
-0.021747928112745 
0.012809649109840 
0.002746000653133 
l=8 j=2 A.y 
0.000000000000000 
-0.024465007707477 
-0.010191016830504 
-0.038567978888750 
0.030411057174206 
0.020239472389221 
-0.019148902967572 
0.003257229458541 
0.001137543120421 
-0.000711396802217 
0.000207833931199 
-0.000040209997678 
-0.000003768359647 
0.000014481615835 
-0.000016074694940 
0.000014971479686 
-0.000013134216715 
0.000011225179151 
-0.000009472007150 
0.000007938841009 
-0.000006626625691 
0.000005515823887 
-0.000004578431344 
0.000003785960644 
-0.000003114302217 
0.000002541331014 
-0.000002047876478 
0.000001616508598 
-0.000001236021262 
0.000000898600831 
-0.000000584517522 
0.000000287328561 
0.000000000000000 
-0.000000287448785 
0.000000583510541 
-0.000000897534733 
0.000001239412427 
-0.000001618082024 
0.000002047371254 
-0.000002540770311 
0.000003113943194 
-0.000003785857189 
0.000004578563676 
-0.000005517293175 
0.000006627877610 
-0.000007937192095 
0.000009471725207 
-0.000011224593436 
0.000013134216715 
-0.000014972087229 
0.000016074485757 
-0.000014483079212 
0.000003770300964 
0.000040211103624 
-0.000207833931199 
0.000711396860424 
-0.001137542771176 
-0.003257232485339 
0.019148904830217 
-0.020239459350705 
-0.030411062762141 
0.038567971438169 
0.010191017761827 
0.024465003982186 
l=8 j=3 A.x 
0.007732626516372 
0.034764561802149 
0.000256207713392 
0.004472328815609 
-0.021137200295925 
-0.035617962479591 
0.030116813257337 
0.000557664898224 
-0.006281509529799 
0.002751054707915 
-0.000749782891944 
0.000178307731403 
-0.000029289110898 
-0.000020529701942 
0.000042332354496 
-0.000053078027122 
0.000058406971220 
-0.000060828439018 
0.000061631326389 
-0.000061531682150 
0.000060940135882 
-0.000060100283008 
0.000059161295212 
-0.000058210229327 
0.000057299967011 
-0.000056464035879 
0.000055723001424 
-0.000055090480600 
0.000054566269682 
-0.000054153813835 
0.000053863972425 
-0.000053686038882 
0.000053627281886 
-0.000053685940657 
0.000053861902416 
-0.000054155130783 
0.000054564130551 
-0.000055087981309 
0.000055724649428 
-0.000056465290982 
0.000057299912442 
-0.000058209254348 
0.000059161680838 
-0.000060102516727 
0.000060939812101 
-0.000061530772655 
0.000061633043515 
-0.000060827653215 
0.000058406974858 
-0.000053076579206 
0.000042332860176 
-0.000020531233531 
-0.000029291557439 
0.000178308298928 
-0.000749779574107 
0.002751054242253 
-0.006281508598477 
0.000557657855097 
0.030116818845272 
-0.035617951303720 
-0.021137209609151 
0.004472329281271 
0.000256198050920 
0.034764561802149 
l=8 j=3 A.y 
0.000000000000000 
-0.005420700181276 
-0.031000595539808 
-0.008988866582513 
-0.034222848713398 
0.030984750017524 
0.017445163801312 
-0.018785633146763 
0.004869915544987 
-0.000025666789952 
-0.000286128226435 
0.000070130794484 
0.000024712302547 
-0.000047649802582 
0.000047758367145 
-0.000041957526264 
0.000035281864257 
-0.000029171935239 
0.000023957718440 
-0.000019625762434 
0.000016063117073 
-0.000013138890608 
0.000010735721844 
-0.000008755429008 
0.000007111923424 
-0.000005737789252 
0.000004576044830 
-0.000003584951855 
0.000002728175332 
-0.000001964133389 
0.000001271149245 
-0.000000627183169 
0.000000000000000 
0.000000624805637 
-0.000001272122631 
0.000001963909426 
-0.000002725867034 
0.000003587300171 
-0.000004578525477 
0.000005737161246 
-0.000007111380455 
0.000008755449016 
-0.000010737783668 
0.000013138665054 
-0.000016060846974 
0.000019626475478 
-0.000023957676603 
0.000029170629205 
-0.000035281864257 
0.000041957042413 
-0.000047760651796 
0.000047648558393 
-0.000024710827347 
-0.000070127964136 
0.000286127353320 
0.000025666529837 
-0.004869916010648 
0.018785631284118 
-0.017445154488087 
-0.030984764918685 
0.034222844988108 
0.008988870307803 
0.031000595539808 
0.005420713219792 
l=9 j=0 A.x 
0.053344972431660 
-0.036794576793909 
0.003259441116825 
0.019549962133169 
-0.022244542837143 
0.014169008471072 
-0.006124617531896 
0.001803223043680 
-0.000280412205029 
-0.000029916465792 
0.000000519400430 
0.000069029745646 
-0.000115191207442 
0.000138115938171 
-0.000146884834976 
0.000148184568388 
-0.000145829981193 
0.000141848213389 
-0.000137283685035 
0.000132671309984 
-0.000128278043121 
0.000124231577502 
-0.000120583470562 
0.000117347110063 
-0.000114515947644 
0.000112075824291 
-0.000110007771582 
0.000108293352241 
-0.000106915613287 
0.000105860621261 
-0.000105115461338 
0.000104670507426 
-0.000104520542664 
0.000104668128188 
-0.000105112550955 
0.000105858853203 
-0.000106915409560 
0.000108293941594 
-0.000110008586489 
0.000112076297228 
-0.000114516049507 
0.000117346622574 
-0.000120583128592 
0.000124231737573 
-0.000128279221826 
0.000132672750624 
-0.000137284980156 
0.000141848242492 
-0.000145829981193 
0.000148182560224 
-0.000146883714478 
0.000138116141898 
-0.000115193026431 
0.000069031251769 
0.000000518265892 
-0.000029915991036 
-0.000280412728898 
0.001803224207833 
-0.006124618928879 
0.014169009402394 
-0.022244542837143 
0.019549949094653 
0.003259454853833 
-0.036794591695070 
l=9 j=0 A.y 
0.000000000000000 
-0.034699272364378 
0.043019779026508 
-0.026851408183575 
0.006587490439415 
0.004333959892392 
-0.006245641969144 
0.004495671484619 
-0.002550603123382 
0.001337172463536 
-0.000716380251106 
0.000414372741943 
-0.000261317967670 
0.000176740984898 
-0.000125533682876 
0.000092138056061 
-0.000069149835326 
0.000052712672186 
-0.000040634473407 
0.000031577867048 
-0.000024680155548 
0.000019362207240 
-0.000015220683053 
0.000011967461433 
-0.000009390922060 
0.000007334627298 
-0.000005678306024 
0.000004328848718 
-0.000003211916464 
0.000002268768412 
-0.000001448974331 
0.000000707892809 
0.000000000000000 
-0.000000705411821 
0.000001448857120 
-0.000002270183359 
0.000003214005346 
-0.000004329845069 
0.000005678540674 
-0.000007334222573 
0.000009391039384 
-0.000011967376849 
0.000015221176909 
-0.000019362954845 
0.000024681239665 
-0.000031577736081 
0.000040633178287 
-0.000052710540331 
0.000069149835326 
-0.000092138063337 
0.000125534992549 
-0.000176742425538 
0.000261319190031 
-0.000414372567320 
0.000716379145160 
-0.001337171066552 
0.002550603123382 
-0.004495670553297 
0.006245639640838 
-0.004333952907473 
-0.006587495096028 
0.026851415634155 
-0.043019775301218 
0.034699253737926 
l=9 j=1 A.x 
0.009642825461924 
0.010489663109183 
-0.038701310753822 
0.032865699380636 
-0.002414762275293 
-0.019516075029969 
0.022017257288098 
-0.014802286401391 
0.007696230895817 
-0.003615679219365 
0.001808975357562 
-0.001102897338569 
0.000825292139780 
-0.000698149611708 
0.000624039443210 
-0.000571256910916 
0.000529403798282 
-0.000494671345223 
0.000465328688733 
-0.000440360134235 
0.000419051444624 
-0.000400850723963 
0.000385316729080 
-0.000372091337340 
0.000360884179827 
-0.000351458147634 
0.000343622406945 
-0.000337223464157 
0.000332139665261 
-0.000328275491484 
0.000325561530190 
-0.000323952059262 
0.000323420652421 
-0.000323953659972 
0.000325561966747 
-0.000328273716150 
0.000332137249643 
-0.000337221921654 
0.000343621592037 
-0.000351457943907 
0.000360884674592 
-0.000372092210455 
0.000385317514883 
-0.000400851655286 
0.000419052172219 
-0.000440360017819 
0.000465327349957 
-0.000494670530315 
0.000529403856490 
-0.000571257842239 
0.000624038919341 
-0.000698148855008 
0.000825291324873 
-0.001102897454984 
0.001808975473978 
-0.003615681082010 
0.007696232292801 
-0.014802287332714 
0.022017251700163 
-0.019516060128808 
-0.002414772752672 
0.032865714281797 
-0.038701310753822 
0.010489655658603 
l=9 j=1 A.y 
0.000000000000000 
-0.021766521036625 
0.004449273925275 
0.029997969046235 
-0.041216991841793 
0.026492983102798 
-0.007574272342026 
-0.002559510990977 
0.004806259647012 
-0.003859447315335 
0.002500321716070 
-0.001527188695036 
0.000942442857195 
-0.000603649707045 
0.000402790610678 
-0.000278281426290 
0.000197438959731 
-0.000142805598443 
0.000104683880636 
-0.000077419892477 
0.000057555167587 
-0.000042881776608 
0.000031937048334 
-0.000023720494937 
0.000017529067918 
-0.000012857113688 
0.000009330768989 
-0.000006668761216 
0.000004654124496 
-0.000003113256071 
0.000001902332770 
-0.000000899446889 
0.000000000000000 
0.000000898786823 
-0.000001899647941 
0.000003111019396 
-0.000004653615179 
0.000006669504273 
-0.000009331697584 
0.000012858160517 
-0.000017530099285 
0.000023720791432 
-0.000031936866435 
0.000042881310947 
-0.000057553825172 
0.000077418117144 
-0.000104682883830 
0.000142806020449 
-0.000197438959731 
0.000278280262137 
-0.000402789009968 
0.000603648892138 
-0.000942442275118 
0.001527187996544 
-0.002500321250409 
0.003859445918351 
-0.004806258715689 
0.002559501910582 
0.007574280258268 
-0.026492990553379 
0.041216988116503 
-0.029997954145074 
-0.004449286498129 
0.021766528487206 
l=9 j=2 A.x 
0.035211306065321 
-0.011214435100555 
-0.011658331379294 
-0.010877404361963 
0.036096505820751 
-0.025034140795469 
-0.002550635486841 
0.018145209178329 
-0.018563417717814 
0.013082657940686 
-0.008044674061239 
0.004930481780320 
-0.003258356824517 
0.002375606680289 
-0.001882240292616 
0.001580836251378 
-0.001379836699925 
0.001236070529558 
-0.001127910567448 
0.001043639844283 
-0.000976386421826 
0.000921832106542 
-0.000877108133864 
0.000840222230181 
-0.000809742603451 
0.000784620293416 
-0.000764069613069 
0.000747498823330 
-0.000734462810215 
0.000724632584024 
-0.000717773102224 
0.000713720335625 
-0.000712377426680 
0.000713718647603 
-0.000717773335055 
0.000724634330254 
-0.000734462460969 
0.000747496262193 
-0.000764067517594 
0.000784619594924 
-0.000809743010905 
0.000840222928673 
-0.000877109705471 
0.000921832805034 
-0.000976384966634 
0.001043638563715 
-0.001127911382355 
0.001236071344465 
-0.001379836816341 
0.001580835902132 
-0.001882241922431 
0.002375607378781 
-0.003258354030550 
0.004930480848998 
-0.008044674992561 
0.013082657009363 
-0.018563417717814 
0.018145198002458 
-0.002550624776632 
-0.025034155696630 
0.036096505820751 
-0.010877399705350 
-0.011658331379294 
-0.011214444413781 
l=9 j=2 A.y 
0.000000000000000 
-0.024939469993114 
0.002611007308587 
0.018931522965431 
0.001831379369833 
-0.032056916505098 
0.036586713045835 
-0.021960878744721 
0.007306247949600 
0.000109634936962 
-0.002200263785198 
0.002123493468389 
-0.001560390461236 
0.001056709792465 
-0.000702025135979 
0.000467659701826 
-0.000313861848554 
0.000211629929254 
-0.000142478849739 
0.000094971910585 
-0.000061975515564 
0.000038944435801 
-0.000022905973310 
0.000011868709407 
-0.000004459885986 
-0.000000283246237 
0.000003055610932 
-0.000004367017027 
0.000004604632068 
-0.000004068169346 
0.000002994225497 
-0.000001577764806 
0.000000000000000 
0.000001578620868 
-0.000002993229145 
0.000004069555416 
-0.000004607945357 
0.000004368851478 
-0.000003054883109 
0.000000282373975 
0.000004461650406 
-0.000011869137779 
0.000022905751393 
-0.000038942293031 
0.000061973601987 
-0.000094971866929 
0.000142479431815 
-0.000211628386751 
0.000313861848554 
-0.000467659265269 
0.000702024262864 
-0.001056706183590 
0.001560387783684 
-0.002123491372913 
0.002200261689723 
-0.000109627631900 
-0.007306249812245 
0.021960886195302 
-0.036586713045835 
0.032056905329227 
-0.001831371453591 
-0.018931530416012 
-0.002611006842926 
0.024939462542534 
l=9 j=3 A.x 
0.012718128040433 
0.014370808377862 
-0.029393745586276 
-0.002819033805281 
0.008968866430223 
0.022055033594370 
-0.034025184810162 
0.015233374200761 
0.006382944062352 
-0.015299106016755 
0.014666290022433 
-0.011104741133749 
0.007895291782916 
-0.005709819961339 
0.004335385281593 
-0.003468977753073 
0.002901887753978 
-0.002512631239370 
0.002233190229163 
-0.002024931134656 
0.001865092781372 
-0.001739663188346 
0.001639638445340 
-0.001559007912874 
0.001493629999459 
-0.001440568943508 
0.001397706684656 
-0.001363495714031 
0.001336803892627 
-0.001316803041846 
0.001302900956944 
-0.001294707180932 
0.001292002969421 
-0.001294708927162 
0.001302900142036 
-0.001316801062785 
0.001336804707535 
-0.001363497576676 
0.001397706102580 
-0.001440566848032 
0.001493628951721 
-0.001559007680044 
0.001639636699110 
-0.001739661325701 
0.001865093247034 
-0.002024932298809 
0.002233189065009 
-0.002512629842386 
0.002901887753978 
-0.003468977985904 
0.004335382487625 
-0.005709818098694 
0.007895291782916 
-0.011104739271104 
0.014666282571852 
-0.015299092978239 
0.006382938008755 
0.015233390964568 
-0.034025192260742 
0.022055029869080 
0.008968869224191 
-0.002819024957716 
-0.029393751174212 
0.014370801858604 
l=9 j=3 A.y 
0.000000000000000 
-0.020581152290106 
-0.011058729141951 
0.021363228559494 
0.009815714322031 
-0.015603273175657 
-0.013044463470578 
0.033335905522108 
-0.030228102579713 
0.017550339922309 
-0.007442518603057 
0.002295459853485 
-0.000336710072588 
-0.000209119840292 
0.000264505419182 
-0.000191020852071 
0.000105280450953 
-0.000036778797949 
-0.000011579346392 
0.000043392898078 
-0.000062885490479 
0.000073498144047 
-0.000077773940575 
0.000077529286500 
-0.000074047922681 
0.000068238477979 
-0.000060752510763 
0.000052061706810 
-0.000042509360355 
0.000032346488297 
-0.000021771144020 
0.000010945968825 
0.000000000000000 
-0.000010947755982 
0.000021774483685 
-0.000032346859371 
0.000042508167098 
-0.000052063802286 
0.000060756156017 
-0.000068240267865 
0.000074048526585 
-0.000077530916315 
0.000077775897807 
-0.000073498202255 
0.000062884246290 
-0.000043394753448 
0.000011582204934 
0.000036777775676 
-0.000105280450953 
0.000191016762983 
-0.000264501955826 
0.000209118021303 
0.000336710887495 
-0.002295468235388 
0.007442525587976 
-0.017550345510244 
0.030228102579713 
-0.033335898071527 
0.013044452294707 
0.015603286214173 
-0.009815712459385 
-0.021363228559494 
0.011058717966080 
0.020581161603332 
