l=1 j=0 
0.050512373447418 
0.013042239472270 
0.002509979996830 
0.000316227757139 
0.691590130329132 
0.609925150871277 
0.352140456438065 
0.151537120342255 
l=1 j=1 
0.210010707378388 
0.070656210184097 
0.016760071739554 
0.002509979996830 
-0.609925150871277 
0.230530038475990 
0.576751828193665 
0.439113318920136 
l=1 j=2 
0.466627806425095 
0.228000223636627 
0.070656210184097 
0.013042239472270 
0.352140456438065 
-0.576751828193665 
0.008538149297237 
0.518067061901093 
l=1 j=3 
0.494896441698074 
0.466627806425095 
0.210010707378388 
0.050512373447418 
-0.151537120342255 
0.439113318920136 
-0.518067061901093 
-0.080638080835342 
l=2 j=0 
0.169328078627586 
0.065580487251282 
0.018931455910206 
0.003577708732337 
0.457946717739105 
0.605806589126587 
0.524643898010254 
0.338656157255173 
l=2 j=1 
0.416000008583069 
0.223083838820458 
0.082287304103374 
0.018931455910206 
-0.605806589126587 
-0.228973358869553 
0.297445118427277 
0.512000024318695 
l=2 j=2 
0.471117824316025 
0.432902753353119 
0.223083838820458 
0.065580487251282 
0.524643898010254 
-0.297445118427277 
-0.400703370571137 
0.110851250588894 
l=2 j=3 
0.053665630519390 
0.471117824316025 
0.416000008583069 
0.169328078627586 
-0.338656157255173 
0.512000024318695 
-0.110851250588894 
-0.429325044155121 
l=3 j=0 
0.311834096908569 
0.158128738403320 
0.059767048805952 
0.014788509346545 
0.286974400281906 
0.497054219245911 
0.563606500625610 
0.476334452629089 
l=3 j=1 
0.488673210144043 
0.378224939107895 
0.192250624299049 
0.059767048805952 
-0.497054219245911 
-0.450959742069244 
-0.046485479921103 
0.353586614131928 
l=3 j=2 
0.223585560917854 
0.474875450134277 
0.378224939107895 
0.158128738403320 
0.563606500625610 
0.046485479921103 
-0.415820032358170 
-0.252437114715576 
l=3 j=3 
-0.298508793115616 
0.223585560917854 
0.488673210144043 
0.311834096908569 
-0.476334452629089 
0.353586614131928 
0.252437114715576 
-0.330480724573135 
l=4 j=0 
0.439927279949188 
0.278234422206879 
0.131160974502564 
0.040477152913809 
0.167312875390053 
0.361437141895294 
0.511149287223816 
0.538798689842224 
l=4 j=1 
0.407293498516083 
0.472257554531097 
0.323817223310471 
0.131160974502564 
-0.361437141895294 
-0.501938641071320 
-0.315488189458847 
0.083138436079025 
l=4 j=2 
-0.096000000834465 
0.344055801630020 
0.472257554531097 
0.278234422206879 
0.511149287223816 
0.315488189458847 
-0.204493522644043 
-0.411514282226563 
l=4 j=3 
-0.404771536588669 
-0.096000000834465 
0.407293498516083 
0.439927279949188 
-0.538798689842224 
0.083138436079025 
0.411514282226563 
-0.030983867123723 
l=5 j=0 
0.522912502288818 
0.405046284198761 
0.233853593468666 
0.088388346135616 
0.088388346135616 
0.233853593468666 
0.405046284198761 
0.522912502288818 
l=5 j=1 
0.197642356157303 
0.459279328584671 
0.441941738128662 
0.233853593468666 
-0.233853593468666 
-0.441941738128662 
-0.459279328584671 
-0.197642356157303 
l=5 j=2 
-0.342326611280441 
0.088388346135616 
0.459279328584671 
0.405046284198761 
0.405046284198761 
0.459279328584671 
0.088388346135616 
-0.342326611280441 
l=5 j=3 
-0.265165030956268 
-0.342326611280441 
0.197642356157303 
0.522912502288818 
-0.522912502288818 
-0.197642356157303 
0.342326611280441 
0.265165030956268 
l=6 j=0 
0.538798689842224 
0.511149287223816 
0.361437141895294 
0.167312875390053 
0.040477152913809 
0.131160974502564 
0.278234422206879 
0.439927279949188 
l=6 j=1 
-0.083138436079025 
0.315488189458847 
0.501938641071320 
0.361437141895294 
-0.131160974502564 
-0.323817223310471 
-0.472257554531097 
-0.407293498516083 
l=6 j=2 
-0.411514282226563 
-0.204493522644043 
0.315488189458847 
0.511149287223816 
0.278234422206879 
0.472257554531097 
0.344055801630020 
-0.096000000834465 
l=6 j=3 
0.030983867123723 
-0.411514282226563 
-0.083138436079025 
0.538798689842224 
-0.439927279949188 
-0.407293498516083 
0.096000000834465 
0.404771536588669 
l=7 j=0 
0.476334452629089 
0.563606500625610 
0.497054219245911 
0.286974400281906 
0.014788509346545 
0.059767048805952 
0.158128738403320 
0.311834096908569 
l=7 j=1 
-0.353586614131928 
0.046485479921103 
0.450959742069244 
0.497054219245911 
-0.059767048805952 
-0.192250624299049 
-0.378224939107895 
-0.488673210144043 
l=7 j=2 
-0.252437114715576 
-0.415820032358170 
0.046485479921103 
0.563606500625610 
0.158128738403320 
0.378224939107895 
0.474875450134277 
0.223585560917854 
l=7 j=3 
0.330480724573135 
-0.252437114715576 
-0.353586614131928 
0.476334452629089 
-0.311834096908569 
-0.488673210144043 
-0.223585560917854 
0.298508793115616 
l=8 j=0 
0.338656157255173 
0.524643898010254 
0.605806589126587 
0.457946717739105 
0.003577708732337 
0.018931455910206 
0.065580487251282 
0.169328078627586 
l=8 j=1 
-0.512000024318695 
-0.297445118427277 
0.228973358869553 
0.605806589126587 
-0.018931455910206 
-0.082287304103374 
-0.223083838820458 
-0.416000008583069 
l=8 j=2 
0.110851250588894 
-0.400703370571137 
-0.297445118427277 
0.524643898010254 
0.065580487251282 
0.223083838820458 
0.432902753353119 
0.471117824316025 
l=8 j=3 
0.429325044155121 
0.110851250588894 
-0.512000024318695 
0.338656157255173 
-0.169328078627586 
-0.416000008583069 
-0.471117824316025 
-0.053665630519390 
l=9 j=0 
0.151537120342255 
0.352140456438065 
0.609925150871277 
0.691590130329132 
0.000316227757139 
0.002509979996830 
0.013042239472270 
0.050512373447418 
l=9 j=1 
-0.439113318920136 
-0.576751828193665 
-0.230530038475990 
0.609925150871277 
-0.002509979996830 
-0.016760071739554 
-0.070656210184097 
-0.210010707378388 
l=9 j=2 
0.518067061901093 
0.008538149297237 
-0.576751828193665 
0.352140456438065 
0.013042239472270 
0.070656210184097 
0.228000223636627 
0.466627806425095 
l=9 j=3 
0.080638080835342 
0.518067061901093 
-0.439113318920136 
0.151537120342255 
-0.050512373447418 
-0.210010707378388 
-0.466627806425095 
-0.494896441698074 
