l=1 j=0 A.x 
0.233946710824966 
-0.119526058435440 
0.048431511968374 
-0.040743395686150 
0.040241524577141 
-0.040743388235569 
0.048431504517794 
-0.119526036083698 
l=1 j=0 A.y 
0.000000000000000 
0.109827466309071 
-0.058889254927635 
0.022419854998589 
0.000000000000000 
-0.022419851273298 
0.058889254927635 
-0.109827473759651 
l=1 j=1 A.x 
-0.117050878703594 
-0.126951634883881 
0.124178297817707 
-0.078032314777374 
0.068651504814625 
-0.078032322227955 
0.124178297817707 
-0.126951664686203 
l=1 j=1 A.y 
0.000000000000000 
-0.122720606625080 
-0.017554629594088 
0.017277346923947 
0.000000000000000 
-0.017277337610722 
0.017554629594088 
0.122720599174500 
l=1 j=2 A.x 
0.135040029883385 
0.130079939961433 
0.092446729540825 
-0.101458102464676 
0.089450612664223 
-0.101458095014095 
0.092446744441986 
0.130079939961433 
l=1 j=2 A.y 
0.000000000000000 
-0.034257143735886 
0.109982617199421 
-0.018727654591203 
0.000000000000000 
0.018727628514171 
-0.109982617199421 
0.034257169812918 
l=1 j=3 A.x 
-0.113864794373512 
-0.071643993258476 
-0.081426970660686 
-0.089964404702187 
0.105039052665234 
-0.089964412152767 
-0.081426955759525 
-0.071643978357315 
l=1 j=3 A.y 
0.000000000000000 
0.105033859610558 
0.116983354091644 
-0.076985597610474 
0.000000000000000 
0.076985590159893 
-0.116983354091644 
-0.105033852159977 
l=2 j=0 A.x 
0.273058891296387 
-0.054209999740124 
0.010462436825037 
-0.017944676801562 
0.019653651863337 
-0.017944669350982 
0.010462430305779 
-0.054209973663092 
l=2 j=0 A.y 
0.000000000000000 
0.140580773353577 
-0.041144147515297 
0.014152669347823 
0.000000000000000 
-0.014152671210468 
0.041144147515297 
-0.140580773353577 
l=2 j=1 A.x 
-0.089370973408222 
-0.211263924837112 
0.071192376315594 
-0.044187717139721 
0.041889511048794 
-0.044187720865011 
0.071192368865013 
-0.211263924837112 
l=2 j=1 A.y 
0.000000000000000 
-0.030519658699632 
-0.067102618515491 
0.023269815370440 
0.000000000000000 
-0.023269796743989 
0.067102618515491 
0.030519640073180 
l=2 j=2 A.x 
0.141253948211670 
0.061864901334047 
0.146672651171684 
-0.075246408581734 
0.063281595706940 
-0.075246401131153 
0.146672651171684 
0.061864878982306 
l=2 j=2 A.y 
0.000000000000000 
-0.138526231050491 
0.005121761932969 
0.017420560121536 
0.000000000000000 
-0.017420571297407 
-0.005121761932969 
0.138526245951653 
l=2 j=3 A.x 
-0.092909879982471 
0.007487233728170 
0.073767401278019 
-0.105567701160908 
0.087870329618454 
-0.105567693710327 
0.073767423629761 
0.007487259805202 
l=2 j=3 A.y 
0.000000000000000 
0.115156866610050 
0.155389353632927 
-0.016555963084102 
0.000000000000000 
0.016555946320295 
-0.155389353632927 
-0.115156851708889 
l=3 j=0 A.x 
0.296061009168625 
0.013945671729743 
-0.003070633392781 
-0.007730762939900 
0.009484515525401 
-0.007730755489320 
-0.003070636652410 
0.013945697806776 
l=3 j=0 A.y 
0.000000000000000 
0.133732289075851 
-0.020507501438260 
0.007772407960147 
0.000000000000000 
-0.007772415876389 
0.020507501438260 
-0.133732274174690 
l=3 j=1 A.x 
-0.059750370681286 
-0.222476422786713 
0.019268274307251 
-0.023955438286066 
0.025404341518879 
-0.023955440148711 
0.019268264994025 
-0.222476407885552 
l=3 j=1 A.y 
0.000000000000000 
0.077162042260170 
-0.060761060565710 
0.017478039488196 
0.000000000000000 
-0.017478018999100 
0.060761060565710 
-0.077162064611912 
l=3 j=2 A.x 
0.147081196308136 
-0.040927164256573 
0.103098399937153 
-0.044078059494495 
0.040318049490452 
-0.044078059494495 
0.103098392486572 
-0.040927194058895 
l=3 j=2 A.y 
0.000000000000000 
-0.173409551382065 
-0.076958663761616 
0.025101702660322 
0.000000000000000 
-0.025101697072387 
0.076958663761616 
0.173409536480904 
l=3 j=3 A.x 
-0.065599083900452 
0.046035509556532 
0.189494192600250 
-0.090491935610771 
0.074032306671143 
-0.090491928160191 
0.189494207501411 
0.046035528182983 
l=3 j=3 A.y 
0.000000000000000 
0.074812084436417 
0.074477352201939 
0.015753041952848 
0.000000000000000 
-0.015753060579300 
-0.074477352201939 
-0.074812062084675 
l=4 j=0 A.x 
0.308562219142914 
0.070768453180790 
-0.004383763764054 
-0.002614873228595 
0.003825378371403 
-0.002614865778014 
-0.004383765161037 
0.070768475532532 
l=4 j=0 A.y 
0.000000000000000 
0.098898507654667 
-0.007549468427897 
0.003901415737346 
0.000000000000000 
-0.003901428077370 
0.007549468427897 
-0.098898500204086 
l=4 j=1 A.x 
-0.029850468039513 
-0.177954301238060 
-0.004690914414823 
-0.014228373765945 
0.016304112970829 
-0.014228371903300 
-0.004690919071436 
-0.177954271435738 
l=4 j=1 A.y 
0.000000000000000 
0.170265406370163 
-0.030497562140226 
0.010439055040479 
0.000000000000000 
-0.010439043864608 
0.030497562140226 
-0.170265406370163 
l=4 j=2 A.x 
0.151147186756134 
-0.134334355592728 
0.018423164263368 
-0.017452951520681 
0.019581146538258 
-0.017452957108617 
0.018423149362206 
-0.134334385395050 
l=4 j=2 A.y 
0.000000000000000 
-0.148084685206413 
-0.099102981388569 
0.021103102713823 
0.000000000000000 
-0.021103084087372 
0.099102981388569 
0.148084670305252 
l=4 j=3 A.x 
-0.033914927393198 
0.040703412145376 
0.220297247171402 
-0.074210204184055 
0.065105535089970 
-0.074210196733475 
0.220297247171402 
0.040703423321247 
l=4 j=3 A.y 
0.000000000000000 
0.025261715054512 
-0.052725620567799 
0.026316892355680 
0.000000000000000 
-0.026316907256842 
0.052725620567799 
-0.025261700153351 
l=5 j=0 A.x 
0.312550187110901 
0.107853829860687 
-0.003449876792729 
0.000777203298640 
0.000000000000000 
0.000777209526859 
-0.003449877258390 
0.107853844761848 
l=5 j=0 A.y 
0.000000000000000 
0.044674526900053 
-0.003449877025560 
0.001876335358247 
0.000000000000000 
-0.001876349444501 
0.003449877025560 
-0.044674511998892 
l=5 j=1 A.x 
0.000000000000000 
-0.095455236732960 
0.002359205624089 
-0.012418773025274 
0.013387205079198 
-0.012418766506016 
0.002359205391258 
-0.095455192029476 
l=5 j=1 A.y 
0.000000000000000 
0.230449289083481 
-0.002359205624089 
0.005144022870809 
0.000000000000000 
-0.005144022405148 
0.002359205624089 
-0.230449289083481 
l=5 j=2 A.x 
0.152596846222878 
-0.192263096570969 
-0.060618493705988 
0.005419889464974 
0.000000000000011 
0.005419881548733 
-0.060618501156569 
-0.192263126373291 
l=5 j=2 A.y 
0.000000000000000 
-0.079637996852398 
-0.060618497431278 
0.013084774836898 
0.000000000000000 
-0.013084749691188 
0.060618497431278 
0.079637967050076 
l=5 j=3 A.x 
-0.000000000000005 
0.003351839724928 
0.166005820035934 
-0.067788712680340 
0.062027152627707 
-0.067788705229759 
0.166005805134773 
0.003351841820404 
l=5 j=3 A.y 
0.000000000000000 
-0.008092055097222 
-0.166005820035934 
0.028078997507691 
0.000000000000000 
-0.028079004958272 
0.166005820035934 
0.008092064410448 
l=6 j=0 A.x 
0.308562219142914 
0.119972661137581 
-0.007549467962235 
0.004607711918652 
-0.003825378371403 
0.004607715643942 
-0.007549468893558 
0.119972661137581 
l=6 j=0 A.y 
0.000000000000000 
-0.019890937954187 
-0.004383764695376 
0.000909723865334 
0.000000000000000 
-0.000909736438189 
0.004383764695376 
0.019890950992703 
l=6 j=1 A.x 
0.029850468039513 
0.005436845123768 
0.030497562140226 
-0.017442507669330 
0.016304112970829 
-0.017442496493459 
0.030497562140226 
0.005436893086880 
l=6 j=1 A.y 
0.000000000000000 
0.246228516101837 
0.004690916743129 
0.002679449738935 
0.000000000000000 
-0.002679461846128 
-0.004690916743129 
-0.246228501200676 
l=6 j=2 A.x 
0.151147186756134 
-0.199700415134430 
-0.099102981388569 
0.027263246476650 
-0.019581146538258 
0.027263239026070 
-0.099102981388569 
-0.199700430035591 
l=6 j=2 A.y 
0.000000000000000 
0.009722930379212 
0.018423156812787 
0.002581051783636 
0.000000000000000 
-0.002581026172265 
-0.018423156812787 
-0.009722955524921 
l=6 j=3 A.x 
0.033914927393198 
-0.046644389629364 
0.052725635468960 
-0.071083396673203 
0.065105535089970 
-0.071083389222622 
0.052725601941347 
-0.046644389629364 
l=6 j=3 A.y 
0.000000000000000 
-0.010918934829533 
-0.220297247171402 
0.033865671604872 
0.000000000000000 
-0.033865675330162 
0.220297247171402 
0.010918938554823 
l=7 j=0 A.x 
0.296061009168625 
0.104424089193344 
-0.020507501438260 
0.010962397791445 
-0.009484515525401 
0.010962397791445 
-0.020507501438260 
0.104424081742764 
l=7 j=0 A.y 
0.000000000000000 
-0.084701910614967 
-0.003070635022596 
0.000029449356589 
0.000000000000000 
-0.000029456870834 
0.003070635022596 
0.084701918065548 
l=7 j=1 A.x 
0.059750370681286 
0.102752760052681 
0.060761064291000 
-0.029297893866897 
0.025404341518879 
-0.029297878965735 
0.060761060565710 
0.102752804756165 
l=7 j=1 A.y 
0.000000000000000 
0.211876407265663 
-0.019268268719316 
0.004580207634717 
0.000000000000000 
-0.004580230917782 
0.019268268719316 
-0.211876377463341 
l=7 j=2 A.x 
0.147081196308136 
-0.151558950543404 
-0.076958671212196 
0.048917483538389 
-0.040318049490452 
0.048917476087809 
-0.076958656311035 
-0.151558935642242 
l=7 j=2 A.y 
0.000000000000000 
0.093679174780846 
0.103098392486572 
-0.013418301008642 
0.000000000000000 
0.013418321497738 
-0.103098392486572 
-0.093679189682007 
l=7 j=3 A.x 
0.065599083900452 
-0.085452154278755 
-0.074477337300777 
-0.075126558542252 
0.074032306671143 
-0.075126543641090 
-0.074477367103100 
-0.085452146828175 
l=7 j=3 A.y 
0.000000000000000 
0.020348099991679 
-0.189494192600250 
0.052848365157843 
0.000000000000000 
-0.052848365157843 
0.189494192600250 
-0.020348098129034 
l=8 j=0 A.x 
0.273058891296387 
0.061073377728462 
-0.041144147515297 
0.022696251049638 
-0.019653651863337 
0.022696247324348 
-0.041144147515297 
0.061073351651430 
l=8 j=0 A.y 
0.000000000000000 
-0.137737870216370 
0.010462434031069 
-0.002681349636987 
0.000000000000000 
0.002681350568309 
-0.010462434031069 
0.137737870216370 
l=8 j=1 A.x 
0.089370973408222 
0.170966789126396 
0.067102625966072 
-0.047699682414532 
0.041889511048794 
-0.047699663788080 
0.067102618515491 
0.170966818928719 
l=8 j=1 A.y 
0.000000000000000 
0.127805516123772 
-0.071192376315594 
0.014791180379689 
0.000000000000000 
-0.014791211113334 
0.071192376315594 
-0.127805486321449 
l=8 j=2 A.x 
0.141253948211670 
-0.054207764565945 
0.005121750757098 
0.065525449812412 
-0.063281595706940 
0.065525442361832 
0.005121773574501 
-0.054207742214203 
l=8 j=2 A.y 
0.000000000000000 
0.141697928309441 
0.146672651171684 
-0.040889035910368 
0.000000000000000 
0.040889047086239 
-0.146672651171684 
-0.141697928309441 
l=8 j=3 A.x 
0.092909879982471 
-0.086722485721111 
-0.155389338731766 
-0.062940821051598 
0.087870329618454 
-0.062940798699856 
-0.155389353632927 
-0.086722463369370 
l=8 j=3 A.y 
0.000000000000000 
0.076133914291859 
-0.073767408728600 
0.086354456841946 
0.000000000000000 
-0.086354464292526 
0.073767408728600 
-0.076133914291859 
l=9 j=0 A.x 
0.233946710824966 
-0.006857917644084 
-0.058889258652925 
0.044663164764643 
-0.040241524577141 
0.044663153588772 
-0.058889251202345 
-0.006857951171696 
l=9 j=0 A.y 
0.000000000000000 
-0.162177428603172 
0.048431508243084 
-0.012956690974534 
0.000000000000000 
0.012956703081727 
-0.048431508243084 
0.162177413702011 
l=9 j=1 A.x 
0.117050878703594 
0.176544934511185 
0.017554638907313 
-0.067394115030766 
0.068651504814625 
-0.067394100129604 
0.017554620280862 
0.176544949412346 
l=9 j=1 A.y 
0.000000000000000 
0.002991809975356 
-0.124178297817707 
0.042960237711668 
0.000000000000000 
-0.042960267513990 
0.124178297817707 
-0.002991780173033 
l=9 j=2 A.x 
0.135040029883385 
0.067756928503513 
0.109982609748840 
0.058499276638031 
-0.089450612664223 
0.058499265462160 
0.109982624650002 
0.067756950855255 
l=9 j=2 A.y 
0.000000000000000 
0.116203866899014 
0.092446736991405 
-0.084984153509140 
0.000000000000000 
0.084984146058559 
-0.092446736991405 
-0.116203866899014 
l=9 j=3 A.x 
0.113864794373512 
-0.023610213771462 
-0.116983361542225 
-0.009177427738905 
0.105039052665234 
-0.009177400730550 
-0.116983346641064 
-0.023610185831785 
l=9 j=3 A.y 
0.000000000000000 
0.124930106103420 
0.081426963210106 
0.118051476776600 
0.000000000000000 
-0.118051484227181 
-0.081426963210106 
-0.124930098652840 
