-4
1
4
4
1
4
-4
-6
6
-1
-3
2
-2
-3
-6
-2
-1
-5
-2
-4
-4
-4
-6
-4
-5
-1
-1
-3
0
-1
2
-2
-9
-4
-7
-9
-16
-25
-26
-35
-37
-36
-37
-34
-36
-33
-35
-34
-24
-26
-24
-22
-28
-25
-23
-17
-8
-8
-5
-8
-9
-6
-5
-4
-8
-7
-8
-10
-7
-11
-9
-8
-9
-5
-11
-11
-9
-9
-4
-6
-5
-5
-8
-7
-10
-5
-6
-9
-6
-10
-3
-4
-9
-4
-9
-8
-10
-12
-3
-8
-9
-11
-15
-10
-13
-10
-12
-18
-13
-18
-15
-9
-12
-10
-15
-13
-12
-18
-13
-14
-14
-12
-16
-16
-18
-15
-13
-14
-14
-22
-22
-19
-17
-11
-15
-12
-12
-14
-6
-7
-11
-12
-11
-8
-14
-10
-6
-11
-9
-12
-10
-10
-16
-15
-13
-14
-18
-19
-15
-16
-15
-16
-16
-14
-17
-13
-16
-20
-16
-18
-11
-10
-15
-13
-17
-15
-13
-11
-7
-13
-10
-8
-11
-8
-9
-9
-12
-12
-8
-15
-11
-8
-12
-8
-11
-9
-7
-10
-5
-9
-5
-2
-6
-4
-3
-2
-5
-5
-1
-9
-10
-9
-9
-6
-12
-9
-8
-13
-9
-13
-15
-15
-13
-5
-8
-7
-9
-14
-11
-12
-10
-11
-16
-16
-20
-17
-18
-20
-12
-18
-16
-14
-20
-18
-21
-20
-20
-22
-17
-22
-21
-17
-22
-20
-17
-15
-20
-20
-13
-21
-19
-17
-18
-11
-17
-20
-19
-21
-18
-19
-18
-18
-20
-21
-25
-18
-16
-20
-16
-19
-19
-18
-21
-19
-19
-18
-21
-21
-14
-20
-21
-21
-23
-19
-23
-23
-24
-24
-22
-28
-19
-13
-17
-14
-20
-18
-15
-19
-16
-21
-23
-21
-22
-21
-27
-23
-23
-29
-22
-25
-24
-23
-29
-25
-28
-25
-21
-23
-17
-20
-20
-18
-20
-14
-16
-15
-19
-24
-15
-16
-17
-15
-18
-18
-19
-16
-15
-15
-12
-21
-20
-17
-22
-20
-23
-18
-17
-27
-22
-20
-20
-20
-20
-19
-25
-23
-23
-25
-19
-22
-22
-20
-20
-17
-19
-12
-15
-27
-24
-27
-34
-39
-42
-39
-47
-47
-46
-48
-41
-42
-39
-36
-38
-35
-37
-33
-32
-33
-28
-34
-32
-29
-31
-26
-27
-27
-26
-30
-29
-31
-27
-21
-23
-23
-24
-21
-24
-29
-21
-21
-22
-18
-21
-22
-21
-18
-18
-20
-16
-16
-15
-20
-24
-21
-24
-20
-18
-21
-17
-20
-17
-15
-20
-19
-22
-20
-18
-20
-15
-20
-20
-19
-19
-14
-17
-16
-16
-21
-21
-22
-19
-17
-15
-9
-12
-12
-13
-10
-4
-11
-14
-14
-15
-14
-19
-16
-13
-14
-8
-9
-8
-9
-14
-9
-12
-13
-11
-14
-11
-15
-14
-8
-7
-3
-3
-3
-6
-10
-5
-9
-9
-9
-13
-11
-13
-7
-2
-6
-4
-8
-5
-4
-11
-7
-7
-8
-12
-14
-10
-9
-6
-9
-8
-4
-10
-6
-3
-3
0
-6
-3
-3
-3
3
-6
-8
-5
-5
-1
0
4
-3
-11
-4
-5
-5
-6
-8
-3
-11
-10
-5
-7
-4
-6
-7
-7
-5
-2
-8
-1
5
-1
-1
-5
3
6
-1
-1
-7
-8
-7
-8
-4
-8
-6
-6
-7
-3
-8
-6
-6
-13
-12
-13
-8
-9
-11
-6
-11
-5
-3
-5
1
-8
-4
0
-8
-2
-2
-2
-1
-2
7
7
4
1
-4
4
0
-3
-1
-5
-2
-5
-5
-5
-7
-3
-5
-3
-1
-3
0
-4
2
7
4
6
5
2
1
3
8
3
1
-5
-8
-1
-5
-3
-2
-5
-3
-6
-3
-4
-4
2
-5
-1
-2
-7
-2
-6
-4
0
-3
-1
-13
-15
-7
-9
-10
-13
-11
-9
-13
-7
-3
-2
-5
-6
-1
-3
-3
-5
-8
-3
-5
-2
-2
-10
-6
-8
-4
-4
-10
-6
-10
-4
-2
-12
-7
-5
-6
-9
-13
-7
-12
-13
-7
-6
-6
-8
-3
-3
-5
2
-4
-5
2
0
1
-2
-2
1
0
1
-5
-4
-2
-8
-8
-14
-19
-18
-21
-23
-30
-31
-27
-27
-22
-21
-14
-13
-18
-6
-2
-1
-1
-3
-1
-4
-1
2
-1
5
5
5
5
1
3
4
7
6
-1
2
-1
-1
5
5
6
1
0
5
7
8
5
5
5
2
4
4
4
-1
-3
4
0
1
4
0
3
3
7
5
1
5
2
4
4
3
6
2
5
9
6
9
7
8
3
-3
8
7
3
1
-3
2
1
5
7
2
3
0
2
7
3
4
7
10
8
5
7
2
2
7
10
11
2
2
4
1
4
1
2
2
0
5
2
1
4
5
8
5
7
8
4
4
1
2
0
-1
4
-2
-1
-1
-5
-1
-2
-2
-5
-8
-4
-10
-10
-8
-12
-7
-8
-6
-4
-8
-7
-10
-5
-4
-9
-3
-2
3
5
-2
2
3
2
0
-1
4
-1
-4
-3
1
5
3
7
8
5
5
0
1
4
6
7
1
2
0
-4
2
-1
-3
-2
-1
3
0
0
-1
-3
1
-6
-2
-1
-7
-1
-4
-4
-2
-4
0
-3
-4
-3
-5
-4
-5
-3
-5
-7
-3
-6
-3
-1
-2
-4
-10
-6
-4
-9
-3
-4
-5
-3
-4
-3
-5
-2
-2
-3
3
-2
-3
-1
-3
2
-1
0
1
-2
2
0
0
1
-1
3
1
4
4
0
1
-4
1
3
-3
1
-1
0
-1
-5
3
2
3
4
-1
-1
-2
0
1
1
2
-5
-3
-1
-7
-8
-10
-8
-4
-9
-8
-10
-9
-8
-8
-2
-5
-5
-2
-6
-6
-8
-6
-8
-12
-5
-4
-2
-2
-6
-2
-6
-6
-1
-2
1
-5
-8
-7
-8
-3
-5
-3
-5
-8
-5
-9
-4
-1
-4
1
-1
-1
1
-3
0
-1
-3
-6
-3
2
-3
0
-1
-5
-4
-10
-5
-10
-23
-21
-30
-33
-30
-33
-29
-32
-30
-29
-29
-19
-20
-16
-11
-17
-12
-12
-12
-9
-13
-12
-12
-11
-8
-7
-5
-7
-4
-4
-7
-1
-2
-6
-8
-9
-5
-9
-8
-5
-6
-2
-3
-1
0
-3
0
-5
0
3
-2
3
-1
-2
-3
-7
1
1
2
1
-3
2
-4
-4
4
3
4
1
2
4
-4
-2
-3
-2
0
-5
-3
-7
-7
-8
-9
-1
-3
-4
-3
-3
0
-7
-2
2
-6
-1
-1
-4
-5
-6
-1
-5
-5
-3
-6
-1
-4
-3
-1
-5
-3
-8
-6
-1
-8
-7
-7
-8
-7
-10
-8
-8
-6
-8
-12
-7
-9
-6
-5
-9
-7
-9
-3
-6
-12
-2
-3
-3
1
1
3
-7
-7
-1
-1
6
1
-1
2
1
5
5
5
2
-1
4
1
0
-3
-5
3
-1
1
4
-3
-4
-7
-5
-3
-4
-1
-5
-3
3
3
6
1
0
3
1
4
1
2
3
-2
1
1
2
1
-3
0
-1
3
5
-1
2
2
2
5
5
6
1
1
2
2
6
4
2
0
3
7
2
6
7
1
8
4
5
10
5
7
5
5
6
1
4
1
2
6
6
8
2
2
4
0
5
6
8
7
2
8
8
10
8
4
8
6
6
6
2
3
0
3
5
4
11
6
3
6
1
3
5
6
4
1
7
7
9
10
6
9
6
4
5
2
6
2
3
4
1
1
-5
-2
0
-4
-2
-9
-8
-5
-7
-3
-6
-2
0
-6
-1
2
-1
-4
-3
6
-2
-4
3
-2
-2
-3
-1
0
-5
0
-2
1
4
1
3
-2
-3
-1
2
9
4
2
3
-1
4
2
-1
0
-4
-4
-6
-2
0
-7
-4
-6
-4
-1
-5
-5
-3
-2
-7
-9
-4
-8
-7
-8
-15
-12
-18
-22
-21
-25
-24
-29
-34
-37
-41
-40
-42
-37
-32
-32
-25
-27
-26
-19
-19
-16
-17
-15
-13
-14
-13
-15
-8
-6
-12
-9
-14
-15
-12
-14
-7
-7
-8
-6
-7
-2
-5
-5
-3
-10
-5
-6
-8
-7
-10
-7
-8
-6
-3
-9
-6
-8
-11
-11
-13
-9
-9
-5
-5
-9
-5
-10
-10
-9
-15
-12
-18
-18
-9
-13
-13
-12
-8
-4
-7
-1
2
0
-5
-9
-9
-14
-9
-6
-12
-11
-16
-16
-13
-15
-10
-16
-18
-13
-11
-7
-14
-14
-11
-14
-10
-13
-14
-12
-15
-10
-9
-9
-10
-14
-9
-11
-10
-10
-16
-13
-16
-12
-10
-15
-8
-11
-12
-9
-15
-11
-9
-9
-12
-14
-10
-15
-13
-12
-17
-15
-16
-13
-11
-14
-10
-14
-14
-10
-9
-6
-11
-4
-2
-10
-3
-4
-7
-6
-9
-5
-5
-8
-12
-14
-7
-6
-3
-3
-6
-4
-10
-9
-2
-3
-2
-6
-6
-4
-4
-1
-4
-2
-4
-8
-2
-3
0
2
-5
-3
-5
-2
-1
-5
2
-1
-2
1
-3
-2
-3
1
4
0
3
-2
-3
2
3
3
-1
-1
-1
-3
1
-3
-4
-5
-10
-4
-5
-4
-4
-10
-4
-4
-2
-1
-4
3
-2
-4
-3
-8
-3
-4
-4
2
0
1
-4
-6
-5
-8
-5
-8
-8
-7
-9
-3
-5
-3
0
-1
4
0
-2
-2
-6
-4
-4
0
-2
-9
-6
-10
-7
-3
-7
-5
-7
-7
-7
-8
-2
-4
-3
-2
-9
-7
-10
-9
-5
-5
0
-9
-12
-6
-7
-5
-10
-7
-7
-14
-11
-14
-13
-8
-11
-9
-12
-10
-9
-11
-3
-5
-7
-6
-9
-5
-5
-4
-5
-9
-7
-8
-5
-5
-9
-5
-10
-8
-7
-13
-9
-13
-14
-10
-14
-12
-13
-12
-10
-13
-8
-10
-13
-10
-10
-11
-18
-12
-9
-15
-13
-13
-9
-9
-13
-9
-10
-11
-14
-22
-22
-27
-32
-37
-41
-39
-45
-44
-40
-41
-35
-37
-38
-33
-27
-21
-27
-27
-24
-26
-23
-23
-20
-18
-20
-15
-17
-14
-11
-13
-7
-8
-8
-5
-8
-3
-7
-9
-5
-3
2
-1
-1
-3
-7
-4
-8
-5
-5
-12
-7
-9
-7
-3
-8
-6
-4
-1
-1
-8
-4
-7
-9
-5
-10
-11
-16
-13
-5
-7
-5
-5
-6
-7
-12
-8
-12
-12
-12
-17
-10
-10
-13
-12
-9
-6
-12
-9
-8
-14
-8
-12
-14
-12
-17
-13
-14
-13
-10
-17
-16
-15
-14
-12
-12
-9
-12
-11
-10
-14
-9
-10
-12
-12
-14
-6
-10
-10
-6
-10
-9
-10
-8
-6
-7
-6
-12
-10
-9
-12
-7
-12
-12
-10
-17
-18
-20
-20
-19
-19
-14
-17
-17
-16
-20
-13
-13
-10
-7
-12
-11
-14
-12
-10
-12
-6
-12
-13
-10
-14
-10
-10
-11
-9
-9
-6
-9
-5
-6
-12
-6
-10
-8
-4
-12
-9
-10
-5
0
-7
-2
-2
-7
-4
-3
-1
-5
-8
-9
-6
3
-3
-5
-4
-10
-8
-10
-11
-9
-15
-11
-10
-13
-9
-11
-10
-11
-10
-8
-12
-9
-8
-5
-5
-11
-7
-12
-15
-12
-16
-9
-6
-10
-7
-7
-8
-10
-7
-9
-15
-10
-14
-12
-9
-12
-5
-7
-6
-3
-8
-6
-8
-7
-6
-11
-7
-9
-7
-4
-8
-6
-9
-6
-3
-7
-5
-10
-11
-8
-9
-2
-5
-8
-8
-12
-6
-6
-3
-3
-9
-3
-4
-3
3
1
-1
-6
-3
-1
-4
-2
-8
-8
-1
-1
0
-5
0
4
-3
1
-1
-6
-8
-8
-2
-6
-5
-2
-7
0
3
2
3
-2
-1
-3
-2
-1
-4
0
-1
-2
0
1
4
0
0
0
-1
5
-1
0
1
-4
1
-1
2
5
-2
3
3
3
6
1
3
-1
-1
4
1
5
-1
-5
0
2
6
4
8
10
3
7
7
10
12
8
12
7
4
2
-6
-5
-9
-15
-18
-25
-26
-26
-21
-17
-18
-16
-17
-11
-8
-9
0
0
0
2
2
5
-3
-4
1
3
5
0
3
3
2
13
16
16
13
8
10
10
9
3
1
6
-1
3
12
8
11
7
9
16
10
11
14
14
12
8
10
8
13
14
7
13
12
12
16
13
17
14
14
14
7
11
10
10
15
10
9
9
9
9
10
13
6
8
12
5
7
6
7
12
5
7
7
4
5
3
8
9
6
9
8
12
11
5
4
6
13
8
9
11
5
13
13
8
13
11
9
5
8
11
5
6
2
4
8
5
8
5
5
8
4
10
7
2
5
3
8
9
6
2
1
9
6
10
14
6
8
8
11
11
5
12
12
11
11
7
10
5
2
8
7
6
3
6
4
-3
5
3
0
4
3
5
3
4
6
2
8
8
9
9
3
7
5
5
14
11
7
2
2
6
5
8
4
7
8
0
7
6
5
6
2
4
1
4
7
5
10
3
1
6
2
6
2
-2
0
-2
1
-2
1
2
-5
0
-1
-1
0
-11
-4
3
5
7
1
6
3
-2
3
3
6
2
1
1
-3
2
-2
1
6
1
3
-2
-2
1
-6
-3
-5
-9
-5
-4
1
-4
-7
-3
-5
-2
-3
-4
-5
-12
-9
-7
-7
-4
-7
-4
-5
-6
-4
-10
-4
-2
-4
-1
-8
-8
-6
-7
-4
-3
-1
-7
-6
-3
-7
-4
-8
-8
-2
-6
-8
-10
-7
-8
-13
-7
-10
-13
-8
-11
-6
-7
-10
-10
-12
-9
-14
-13
-6
-8
-6
-9
-7
-2
-6
3
4
2
3
-3
1
2
3
4
-3
-3
-4
-3
1
-1
1
-6
-3
4
-1
3
4
0
-1
-3
4
5
4
5
1
3
2
2
5
3
6
3
4
8
3
2
0
-5
-10
-20
-22
-26
-27
-26
-31
-27
-27
-26
-18
-16
-9
-4
0
5
1
0
-5
-6
-1
0
4
-1
-2
0
0
6
4
3
6
3
4
3
3
4
5
11
5
5
7
7
13
12
9
6
3
7
6
7
8
-1
-1
1
2
2
-2
3
1
-1
2
-2
3
7
8
13
10
8
5
10
18
13
10
4
4
7
2
7
5
0
2
1
6
5
-1
-3
-5
1
2
2
4
1
3
3
8
11
7
11
9
6
6
1
4
4
5
8
5
8
0
-6
2
4
3
2
3
0
-4
6
7
7
7
-3
-2
-1
1
4
0
1
-3
-2
0
-4
1
-2
-1
2
-2
-2
-5
-3
-2
-4
5
1
-4
-1
-4
1
0
-4
-1
1
4
-3
-2
2
-7
-1
1
-2
1
-2
-1
-1
0
0
-6
-5
-8
-6
-3
-10
-8
-6
-6
-8
-8
1
-4
-6
-2
-6
-6
-9
-5
-1
-7
-6
-4
-3
-5
-10
-7
-9
-8
-5
-7
-3
-13
-14
-8
-14
-12
-12
-11
-9
-13
-10
-8
-6
-6
-9
-8
-14
-13
-10
-15
-10
-10
-11
-9
-9
-3
-8
-9
-9
-12
-4
-7
-13
-11
-11
-7
-12
-12
-9
-13
-10
-14
-17
-13
-16
-15
-16
-15
-12
-16
-13
-16
-18
-15
-20
-16
-13
-13
-15
-20
-16
-16
-13
-11
-13
-4
-9
-16
-11
-14
-13
-16
-15
-10
-18
-17
-17
-17
-15
-18
-13
-15
-12
-8
-14
-14
-17
-16
-16
-21
-18
-21
-21
-17
-19
-16
-18
-15
-11
-17
-13
-16
-17
-11
-15
-17
-19
-19
-17
-18
-13
-15
-16
-16
-19
-10
-9
-8
-2
-6
-5
-8
-11
-10
-13
-10
-12
-11
-10
-13
-6
-8
-10
-8
-9
-2
-9
-12
-8
-15
-11
-10
-10
-6
-13
-10
-10
-9
-6
-11
-8
-11
-12
-8
-12
-8
-12
-13
-9
-14
-11
-12
-15
-15
-18
-12
-19
-28
-28
-35
-36
-38
-39
-37
-43
-39
-35
-32
-25
-24
-23
-22
-18
-16
-17
-10
-14
-13
-4
-10
-7
-7
-11
-6
-9
-7
-4
-3
-2
-4
3
4
5
7
2
4
2
1
2
-2
4
0
-3
3
-2
-3
-3
0
4
2
8
4
1
5
-2
-2
-1
2
4
-2
-1
-2
0
3
1
7
3
-3
-4
-8
0
1
1
4
-1
1
-2
0
7
2
3
0
-2
0
-1
7
3
-1
2
-2
2
-2
-3
5
1
3
5
3
5
2
5
4
2
2
0
2
-2
-2
1
-1
5
3
1
3
1
5
5
5
2
-1
8
6
5
10
4
6
7
10
13
6
6
4
4
8
7
9
8
10
11
8
12
9
5
9
11
13
9
9
8
4
7
8
9
9
1
0
-4
0
6
3
6
5
2
4
0
2
7
8
1
-6
3
2
-1
2
3
9
4
2
4
-2
3
1
-2
4
0
-1
0
4
3
0
5
-1
-1
6
2
6
4
5
9
2
8
9
9
14
3
2
-1
-3
3
3
9
4
-2
5
5
6
2
2
3
-3
4
3
-3
0
-5
-5
-4
-2
0
-3
-1
-5
0
7
2
7
8
8
7
1
6
5
3
3
-4
0
1
5
5
0
6
3
0
4
1
8
8
0
2
0
2
2
-1
4
2
2
-3
-4
5
5
6
8
7
6
1
7
8
5
7
4
6
2
2
7
2
6
7
3
6
4
3
-3
-3
3
-3
-5
-4
-1
3
0
5
4
3
5
1
9
9
6
9
5
5
4
7
10
4
6
6
7
10
5
7
10
10
10
8
11
6
3
7
3
9
6
2
10
6
5
6
6
7
1
6
8
4
5
4
4
2
4
7
4
8
7
8
7
-2
0
-5
-8
-9
-20
-19
-24
-29
-27
-30
-21
-18
-21
-16
-17
-12
-15
-14
-7
-10
-5
-6
-8
-7
-11
-5
-6
-9
-3
-3
1
-2
-4
5
0
1
3
4
6
3
5
5
5
8
1
5
7
6
11
8
8
7
8
8
2
6
3
6
13
4
5
1
-3
2
-1
4
3
-3
-3
-6
-2
-3
-6
-2
-4
1
3
3
2
0
3
-3
-5
0
-6
-5
-8
-9
-2
-5
-4
-7
-5
1
-3
0
-4
-6
3
-1
1
2
1
3
-1
2
2
-1
1
